CHROM	START_BIN	END_BIN	COUNT	MID_BIN	index	rank	outlier	direction	GENOMIC_REGION	STRAIN
I	0	10000	30	5000	1	105	No	NA	Telomeric	JU3125
I	10000	20000	22	15000	2	105	No	NA	Telomeric	JU3125
I	20000	30000	23	25000	3	105	No	NA	Telomeric	JU3125
I	30000	40000	26	35000	4	105	No	NA	Telomeric	JU3125
I	40000	50000	26	45000	5	105	No	NA	Telomeric	JU3125
I	50000	60000	14	55000	6	105	No	NA	Telomeric	JU3125
I	60000	70000	21	65000	7	105	No	NA	Telomeric	JU3125
I	70000	80000	24	75000	8	105	No	NA	Telomeric	JU3125
I	80000	90000	21	85000	9	105	No	NA	Telomeric	JU3125
I	90000	100000	21	95000	10	105	No	NA	Telomeric	JU3125
I	100000	110000	30	105000	11	105	No	NA	Telomeric	JU3125
I	110000	120000	20	115000	12	105	No	NA	Telomeric	JU3125
I	120000	130000	20	125000	13	105	No	NA	Telomeric	JU3125
I	130000	140000	22	135000	14	105	No	NA	Telomeric	JU3125
I	140000	150000	11	145000	15	105	No	NA	Telomeric	JU3125
I	150000	160000	13	155000	16	105	No	NA	Telomeric	JU3125
I	160000	170000	17	165000	17	105	No	NA	Telomeric	JU3125
I	170000	180000	15	175000	18	105	No	NA	Telomeric	JU3125
I	180000	190000	19	185000	19	105	No	NA	Telomeric	JU3125
I	190000	200000	26	195000	20	105	No	NA	Telomeric	JU3125
I	200000	210000	28	205000	21	105	No	NA	Telomeric	JU3125
I	210000	220000	19	215000	22	105	No	NA	Telomeric	JU3125
I	220000	230000	21	225000	23	105	No	NA	Telomeric	JU3125
I	230000	240000	54	235000	24	41	Yes	Up	Telomeric	JU3125
I	240000	250000	15	245000	25	105	No	NA	Telomeric	JU3125
I	250000	260000	36	255000	26	105	No	NA	Telomeric	JU3125
I	260000	270000	29	265000	27	105	No	NA	Telomeric	JU3125
I	270000	280000	36	275000	28	105	No	NA	Telomeric	JU3125
I	280000	290000	24	285000	29	105	No	NA	Telomeric	JU3125
I	290000	300000	19	295000	30	105	No	NA	Telomeric	JU3125
I	300000	310000	19	305000	31	105	No	NA	Telomeric	JU3125
I	310000	320000	26	315000	32	105	No	NA	Telomeric	JU3125
I	320000	330000	18	325000	33	105	No	NA	Telomeric	JU3125
I	330000	340000	29	335000	34	105	No	NA	Telomeric	JU3125
I	340000	350000	29	345000	35	105	No	NA	Telomeric	JU3125
I	350000	360000	18	355000	36	105	No	NA	Telomeric	JU3125
I	360000	370000	18	365000	37	105	No	NA	Telomeric	JU3125
I	370000	380000	26	375000	38	105	No	NA	Telomeric	JU3125
I	380000	390000	19	385000	39	105	No	NA	Telomeric	JU3125
I	390000	400000	28	395000	40	105	No	NA	Telomeric	JU3125
I	400000	410000	23	405000	41	105	No	NA	Telomeric	JU3125
I	410000	420000	29	415000	42	105	No	NA	Telomeric	JU3125
I	420000	430000	25	425000	43	105	No	NA	Telomeric	JU3125
I	430000	440000	29	435000	44	105	No	NA	Telomeric	JU3125
I	440000	450000	24	445000	45	105	No	NA	Telomeric	JU3125
I	450000	460000	12	455000	46	105	No	NA	Telomeric	JU3125
I	460000	470000	32	465000	47	105	No	NA	Telomeric	JU3125
I	470000	480000	33	475000	48	105	No	NA	Telomeric	JU3125
I	480000	490000	33	485000	49	105	No	NA	Telomeric	JU3125
I	490000	500000	31	495000	50	105	No	NA	Telomeric	JU3125
I	500000	510000	16	505000	51	105	No	NA	Telomeric	JU3125
I	510000	520000	23	515000	52	105	No	NA	Telomeric	JU3125
I	520000	530000	14	525000	53	105	No	NA	Telomeric	JU3125
I	530000	540000	13	535000	54	105	No	NA	LEFT_ARM	JU3125
I	540000	550000	30	545000	55	105	No	NA	LEFT_ARM	JU3125
I	550000	560000	11	555000	56	105	No	NA	LEFT_ARM	JU3125
I	560000	570000	28	565000	57	105	No	NA	LEFT_ARM	JU3125
I	570000	580000	20	575000	58	105	No	NA	LEFT_ARM	JU3125
I	580000	590000	27	585000	59	105	No	NA	LEFT_ARM	JU3125
I	590000	600000	19	595000	60	105	No	NA	LEFT_ARM	JU3125
I	600000	610000	24	605000	61	105	No	NA	LEFT_ARM	JU3125
I	610000	620000	48	615000	62	105	No	NA	LEFT_ARM	JU3125
I	620000	630000	41	625000	63	105	No	NA	LEFT_ARM	JU3125
I	630000	640000	62	635000	64	37	Yes	Up	LEFT_ARM	JU3125
I	640000	650000	61	645000	65	45	Yes	Up	LEFT_ARM	JU3125
I	650000	660000	44	655000	66	105	No	NA	LEFT_ARM	JU3125
I	660000	670000	49	665000	67	105	No	NA	LEFT_ARM	JU3125
I	670000	680000	66	675000	68	28	Yes	Up	LEFT_ARM	JU3125
I	680000	690000	46	685000	69	105	No	NA	LEFT_ARM	JU3125
I	690000	700000	60	695000	70	50	Yes	Up	LEFT_ARM	JU3125
I	700000	710000	59	705000	71	57	Yes	Up	LEFT_ARM	JU3125
I	710000	720000	71	715000	72	22	Yes	Up	LEFT_ARM	JU3125
I	720000	730000	22	725000	73	105	No	NA	LEFT_ARM	JU3125
I	730000	740000	26	735000	74	105	No	NA	LEFT_ARM	JU3125
I	740000	750000	24	745000	75	105	No	NA	LEFT_ARM	JU3125
I	750000	760000	15	755000	76	105	No	NA	LEFT_ARM	JU3125
I	760000	770000	15	765000	77	105	No	NA	LEFT_ARM	JU3125
I	770000	780000	10	775000	78	105	No	NA	LEFT_ARM	JU3125
I	780000	790000	18	785000	79	105	No	NA	LEFT_ARM	JU3125
I	790000	800000	20	795000	80	105	No	NA	LEFT_ARM	JU3125
I	800000	810000	27	805000	81	105	No	NA	LEFT_ARM	JU3125
I	810000	820000	24	815000	82	105	No	NA	LEFT_ARM	JU3125
I	820000	830000	30	825000	83	105	No	NA	LEFT_ARM	JU3125
I	830000	840000	34	835000	84	105	No	NA	LEFT_ARM	JU3125
I	840000	850000	13	845000	85	105	No	NA	LEFT_ARM	JU3125
I	850000	860000	48	855000	86	105	No	NA	LEFT_ARM	JU3125
I	860000	870000	58	865000	87	105	No	NA	LEFT_ARM	JU3125
I	870000	880000	47	875000	88	105	No	NA	LEFT_ARM	JU3125
I	880000	890000	35	885000	89	105	No	NA	LEFT_ARM	JU3125
I	890000	900000	46	895000	90	105	No	NA	LEFT_ARM	JU3125
I	900000	910000	45	905000	91	105	No	NA	LEFT_ARM	JU3125
I	910000	920000	19	915000	92	105	No	NA	LEFT_ARM	JU3125
I	920000	930000	30	925000	93	105	No	NA	LEFT_ARM	JU3125
I	930000	940000	22	935000	94	105	No	NA	LEFT_ARM	JU3125
I	940000	950000	23	945000	95	105	No	NA	LEFT_ARM	JU3125
I	950000	960000	36	955000	96	105	No	NA	LEFT_ARM	JU3125
I	960000	970000	54	965000	97	105	No	NA	LEFT_ARM	JU3125
I	970000	980000	32	975000	98	105	No	NA	LEFT_ARM	JU3125
I	980000	990000	37	985000	99	105	No	NA	LEFT_ARM	JU3125
I	990000	1000000	43	995000	100	105	No	NA	LEFT_ARM	JU3125
I	1000000	1010000	19	1005000	101	105	No	NA	LEFT_ARM	JU3125
I	1010000	1020000	26	1015000	102	105	No	NA	LEFT_ARM	JU3125
I	1020000	1030000	53	1025000	103	105	No	NA	LEFT_ARM	JU3125
I	1030000	1040000	40	1035000	104	105	No	NA	LEFT_ARM	JU3125
I	1040000	1050000	71	1045000	105	30	Yes	Up	LEFT_ARM	JU3125
I	1050000	1060000	33	1055000	106	105	No	NA	LEFT_ARM	JU3125
I	1060000	1070000	18	1065000	107	105	No	NA	LEFT_ARM	JU3125
I	1070000	1080000	19	1075000	108	105	No	NA	LEFT_ARM	JU3125
I	1080000	1090000	35	1085000	109	105	No	NA	LEFT_ARM	JU3125
I	1090000	1100000	20	1095000	110	105	No	NA	LEFT_ARM	JU3125
I	1100000	1110000	17	1105000	111	105	No	NA	LEFT_ARM	JU3125
I	1110000	1120000	40	1115000	112	105	No	NA	LEFT_ARM	JU3125
I	1120000	1130000	42	1125000	113	105	No	NA	LEFT_ARM	JU3125
I	1130000	1140000	58	1135000	114	105	No	NA	LEFT_ARM	JU3125
I	1140000	1150000	105	1145000	115	7	Yes	Up	LEFT_ARM	JU3125
I	1150000	1160000	60	1155000	116	105	No	NA	LEFT_ARM	JU3125
I	1160000	1170000	76	1165000	117	23	Yes	Up	LEFT_ARM	JU3125
I	1170000	1180000	98	1175000	118	10	Yes	Up	LEFT_ARM	JU3125
I	1180000	1190000	72	1185000	119	29	Yes	Up	LEFT_ARM	JU3125
I	1190000	1200000	34	1195000	120	105	No	NA	LEFT_ARM	JU3125
I	1200000	1210000	69	1205000	121	38	Yes	Up	LEFT_ARM	JU3125
I	1210000	1220000	42	1215000	122	105	No	NA	LEFT_ARM	JU3125
I	1220000	1230000	78	1225000	123	20	Yes	Up	LEFT_ARM	JU3125
I	1230000	1240000	49	1235000	124	105	No	NA	LEFT_ARM	JU3125
I	1240000	1250000	70	1245000	125	34	Yes	Up	LEFT_ARM	JU3125
I	1250000	1260000	63	1255000	126	66	Yes	Up	LEFT_ARM	JU3125
I	1260000	1270000	42	1265000	127	105	No	NA	LEFT_ARM	JU3125
I	1270000	1280000	45	1275000	128	105	No	NA	LEFT_ARM	JU3125
I	1280000	1290000	32	1285000	129	105	No	NA	LEFT_ARM	JU3125
I	1290000	1300000	28	1295000	130	105	No	NA	LEFT_ARM	JU3125
I	1300000	1310000	23	1305000	131	105	No	NA	LEFT_ARM	JU3125
I	1310000	1320000	7	1315000	132	36	Yes	Down	LEFT_ARM	JU3125
I	1320000	1330000	2	1325000	133	25	Yes	Down	LEFT_ARM	JU3125
I	1330000	1340000	11	1335000	134	54	Yes	Down	LEFT_ARM	JU3125
I	1340000	1350000	11	1345000	135	55	Yes	Down	LEFT_ARM	JU3125
I	1350000	1360000	9	1355000	136	47	Yes	Down	LEFT_ARM	JU3125
I	1360000	1370000	45	1365000	137	105	No	NA	LEFT_ARM	JU3125
I	1370000	1380000	36	1375000	138	105	No	NA	LEFT_ARM	JU3125
I	1380000	1390000	71	1385000	139	32	Yes	Up	LEFT_ARM	JU3125
I	1390000	1400000	60	1395000	140	105	No	NA	LEFT_ARM	JU3125
I	1400000	1410000	48	1405000	141	105	No	NA	LEFT_ARM	JU3125
I	1410000	1420000	63	1415000	142	69	Yes	Up	LEFT_ARM	JU3125
I	1420000	1430000	68	1425000	143	46	Yes	Up	LEFT_ARM	JU3125
I	1430000	1440000	61	1435000	144	105	No	NA	LEFT_ARM	JU3125
I	1440000	1450000	39	1445000	145	105	No	NA	LEFT_ARM	JU3125
I	1450000	1460000	36	1455000	146	105	No	NA	LEFT_ARM	JU3125
I	1460000	1470000	47	1465000	147	105	No	NA	LEFT_ARM	JU3125
I	1470000	1480000	59	1475000	148	105	No	NA	LEFT_ARM	JU3125
I	1480000	1490000	61	1485000	149	105	No	NA	LEFT_ARM	JU3125
I	1490000	1500000	103	1495000	150	9	Yes	Up	LEFT_ARM	JU3125
I	1500000	1510000	87	1505000	151	14	Yes	Up	LEFT_ARM	JU3125
I	1510000	1520000	81	1515000	152	17	Yes	Up	LEFT_ARM	JU3125
I	1520000	1530000	133	1525000	153	4	Yes	Up	LEFT_ARM	JU3125
I	1530000	1540000	56	1535000	154	105	No	NA	LEFT_ARM	JU3125
I	1540000	1550000	42	1545000	155	105	No	NA	LEFT_ARM	JU3125
I	1550000	1560000	73	1555000	156	26	Yes	Up	LEFT_ARM	JU3125
I	1560000	1570000	85	1565000	157	15	Yes	Up	LEFT_ARM	JU3125
I	1570000	1580000	103	1575000	158	8	Yes	Up	LEFT_ARM	JU3125
I	1580000	1590000	115	1585000	159	6	Yes	Up	LEFT_ARM	JU3125
I	1590000	1600000	49	1595000	160	105	No	NA	LEFT_ARM	JU3125
I	1600000	1610000	68	1605000	161	40	Yes	Up	LEFT_ARM	JU3125
I	1610000	1620000	90	1615000	162	11	Yes	Up	LEFT_ARM	JU3125
I	1620000	1630000	89	1625000	163	12	Yes	Up	LEFT_ARM	JU3125
I	1630000	1640000	61	1635000	164	73	Yes	Up	LEFT_ARM	JU3125
I	1640000	1650000	30	1645000	165	105	No	NA	LEFT_ARM	JU3125
I	1650000	1660000	28	1655000	166	105	No	NA	LEFT_ARM	JU3125
I	1660000	1670000	47	1665000	167	105	No	NA	LEFT_ARM	JU3125
I	1670000	1680000	44	1675000	168	105	No	NA	LEFT_ARM	JU3125
I	1680000	1690000	22	1685000	169	105	No	NA	LEFT_ARM	JU3125
I	1690000	1700000	43	1695000	170	105	No	NA	LEFT_ARM	JU3125
I	1700000	1710000	38	1705000	171	105	No	NA	LEFT_ARM	JU3125
I	1710000	1720000	48	1715000	172	105	No	NA	LEFT_ARM	JU3125
I	1720000	1730000	47	1725000	173	105	No	NA	LEFT_ARM	JU3125
I	1730000	1740000	22	1735000	174	105	No	NA	LEFT_ARM	JU3125
I	1740000	1750000	61	1745000	175	68	Yes	Up	LEFT_ARM	JU3125
I	1750000	1760000	62	1755000	176	64	Yes	Up	LEFT_ARM	JU3125
I	1760000	1770000	64	1765000	177	52	Yes	Up	LEFT_ARM	JU3125
I	1770000	1780000	51	1775000	178	105	No	NA	LEFT_ARM	JU3125
I	1780000	1790000	47	1785000	179	105	No	NA	LEFT_ARM	JU3125
I	1790000	1800000	35	1795000	180	105	No	NA	LEFT_ARM	JU3125
I	1800000	1810000	36	1805000	181	105	No	NA	LEFT_ARM	JU3125
I	1810000	1820000	24	1815000	182	105	No	NA	LEFT_ARM	JU3125
I	1820000	1830000	45	1825000	183	105	No	NA	LEFT_ARM	JU3125
I	1830000	1840000	46	1835000	184	105	No	NA	LEFT_ARM	JU3125
I	1840000	1850000	60	1845000	185	67	Yes	Up	LEFT_ARM	JU3125
I	1850000	1860000	36	1855000	186	105	No	NA	LEFT_ARM	JU3125
I	1860000	1870000	43	1865000	187	105	No	NA	LEFT_ARM	JU3125
I	1870000	1880000	57	1875000	188	105	No	NA	LEFT_ARM	JU3125
I	1880000	1890000	31	1885000	189	105	No	NA	LEFT_ARM	JU3125
I	1890000	1900000	37	1895000	190	105	No	NA	LEFT_ARM	JU3125
I	1900000	1910000	72	1905000	191	24	Yes	Up	LEFT_ARM	JU3125
I	1910000	1920000	64	1915000	192	44	Yes	Up	LEFT_ARM	JU3125
I	1920000	1930000	11	1925000	193	105	No	NA	LEFT_ARM	JU3125
I	1930000	1940000	2	1935000	194	35	Yes	Down	LEFT_ARM	JU3125
I	1940000	1950000	36	1945000	195	105	No	NA	LEFT_ARM	JU3125
I	1950000	1960000	68	1955000	196	27	Yes	Up	LEFT_ARM	JU3125
I	1960000	1970000	12	1965000	197	105	No	NA	LEFT_ARM	JU3125
I	1970000	1980000	25	1975000	198	105	No	NA	LEFT_ARM	JU3125
I	1980000	1990000	9	1985000	199	74	Yes	Down	LEFT_ARM	JU3125
I	1990000	2000000	8	1995000	200	71	Yes	Down	LEFT_ARM	JU3125
I	2000000	2010000	9	2005000	201	105	No	NA	LEFT_ARM	JU3125
I	2010000	2020000	10	2015000	202	105	No	NA	LEFT_ARM	JU3125
I	2020000	2030000	3	2025000	203	49	Yes	Down	LEFT_ARM	JU3125
I	2030000	2040000	5	2035000	204	59	Yes	Down	LEFT_ARM	JU3125
I	2040000	2050000	5	2045000	205	60	Yes	Down	LEFT_ARM	JU3125
I	2050000	2060000	4	2055000	206	56	Yes	Down	LEFT_ARM	JU3125
I	2060000	2070000	11	2065000	207	105	No	NA	LEFT_ARM	JU3125
I	2070000	2080000	54	2075000	208	75	Yes	Up	LEFT_ARM	JU3125
I	2080000	2090000	45	2085000	209	105	No	NA	LEFT_ARM	JU3125
I	2090000	2100000	37	2095000	210	105	No	NA	LEFT_ARM	JU3125
I	2100000	2110000	15	2105000	211	105	No	NA	LEFT_ARM	JU3125
I	2110000	2120000	4	2115000	212	63	Yes	Down	LEFT_ARM	JU3125
I	2120000	2130000	36	2125000	213	105	No	NA	LEFT_ARM	JU3125
I	2130000	2140000	71	2135000	214	18	Yes	Up	LEFT_ARM	JU3125
I	2140000	2150000	33	2145000	215	105	No	NA	LEFT_ARM	JU3125
I	2150000	2160000	13	2155000	216	105	No	NA	LEFT_ARM	JU3125
I	2160000	2170000	4	2165000	217	70	Yes	Down	LEFT_ARM	JU3125
I	2170000	2180000	9	2175000	218	105	No	NA	LEFT_ARM	JU3125
I	2180000	2190000	51	2185000	219	105	No	NA	LEFT_ARM	JU3125
I	2190000	2200000	54	2195000	220	62	Yes	Up	LEFT_ARM	JU3125
I	2200000	2210000	49	2205000	221	105	No	NA	LEFT_ARM	JU3125
I	2210000	2220000	40	2215000	222	105	No	NA	LEFT_ARM	JU3125
I	2220000	2230000	209	2225000	223	1	Yes	Up	LEFT_ARM	JU3125
I	2230000	2240000	28	2235000	224	105	No	NA	LEFT_ARM	JU3125
I	2240000	2250000	28	2245000	225	105	No	NA	LEFT_ARM	JU3125
I	2250000	2260000	27	2255000	226	105	No	NA	LEFT_ARM	JU3125
I	2260000	2270000	24	2265000	227	105	No	NA	LEFT_ARM	JU3125
I	2270000	2280000	21	2275000	228	105	No	NA	LEFT_ARM	JU3125
I	2280000	2290000	38	2285000	229	105	No	NA	LEFT_ARM	JU3125
I	2290000	2300000	18	2295000	230	105	No	NA	LEFT_ARM	JU3125
I	2300000	2310000	13	2305000	231	105	No	NA	LEFT_ARM	JU3125
I	2310000	2320000	12	2315000	232	105	No	NA	LEFT_ARM	JU3125
I	2320000	2330000	8	2325000	233	105	No	NA	LEFT_ARM	JU3125
I	2330000	2340000	13	2335000	234	105	No	NA	LEFT_ARM	JU3125
I	2340000	2350000	17	2345000	235	105	No	NA	LEFT_ARM	JU3125
I	2350000	2360000	2	2355000	236	105	No	NA	LEFT_ARM	JU3125
I	2360000	2370000	3	2365000	237	105	No	NA	LEFT_ARM	JU3125
I	2370000	2380000	44	2375000	238	105	No	NA	LEFT_ARM	JU3125
I	2380000	2390000	35	2385000	239	105	No	NA	LEFT_ARM	JU3125
I	2390000	2400000	49	2395000	240	58	Yes	Up	LEFT_ARM	JU3125
I	2400000	2410000	46	2405000	241	72	Yes	Up	LEFT_ARM	JU3125
I	2410000	2420000	22	2415000	242	105	No	NA	LEFT_ARM	JU3125
I	2420000	2430000	10	2425000	243	105	No	NA	LEFT_ARM	JU3125
I	2430000	2440000	18	2435000	244	105	No	NA	LEFT_ARM	JU3125
I	2440000	2450000	16	2445000	245	105	No	NA	LEFT_ARM	JU3125
I	2450000	2460000	2	2455000	246	105	No	NA	LEFT_ARM	JU3125
I	2460000	2470000	2	2465000	247	105	No	NA	LEFT_ARM	JU3125
I	2470000	2480000	4	2475000	248	105	No	NA	LEFT_ARM	JU3125
I	2480000	2490000	16	2485000	249	105	No	NA	LEFT_ARM	JU3125
I	2490000	2500000	3	2495000	250	105	No	NA	LEFT_ARM	JU3125
I	2500000	2510000	52	2505000	251	43	Yes	Up	LEFT_ARM	JU3125
I	2510000	2520000	47	2515000	252	65	Yes	Up	LEFT_ARM	JU3125
I	2520000	2530000	38	2525000	253	105	No	NA	LEFT_ARM	JU3125
I	2530000	2540000	47	2535000	254	61	Yes	Up	LEFT_ARM	JU3125
I	2540000	2550000	70	2545000	255	13	Yes	Up	LEFT_ARM	JU3125
I	2550000	2560000	149	2555000	256	2	Yes	Up	LEFT_ARM	JU3125
I	2560000	2570000	144	2565000	257	3	Yes	Up	LEFT_ARM	JU3125
I	2570000	2580000	8	2575000	258	105	No	NA	LEFT_ARM	JU3125
I	2580000	2590000	0	2585000	259	105	No	NA	LEFT_ARM	JU3125
I	2590000	2600000	0	2595000	260	105	No	NA	LEFT_ARM	JU3125
I	2600000	2610000	0	2605000	261	105	No	NA	LEFT_ARM	JU3125
I	2610000	2620000	1	2615000	262	105	No	NA	LEFT_ARM	JU3125
I	2620000	2630000	1	2625000	263	105	No	NA	LEFT_ARM	JU3125
I	2630000	2640000	0	2635000	264	105	No	NA	LEFT_ARM	JU3125
I	2640000	2650000	0	2645000	265	105	No	NA	LEFT_ARM	JU3125
I	2650000	2660000	4	2655000	266	105	No	NA	LEFT_ARM	JU3125
I	2660000	2670000	0	2665000	267	105	No	NA	LEFT_ARM	JU3125
I	2670000	2680000	1	2675000	268	105	No	NA	LEFT_ARM	JU3125
I	2680000	2690000	1	2685000	269	105	No	NA	LEFT_ARM	JU3125
I	2690000	2700000	1	2695000	270	105	No	NA	LEFT_ARM	JU3125
I	2700000	2710000	0	2705000	271	105	No	NA	LEFT_ARM	JU3125
I	2710000	2720000	1	2715000	272	105	No	NA	LEFT_ARM	JU3125
I	2720000	2730000	1	2725000	273	105	No	NA	LEFT_ARM	JU3125
I	2730000	2740000	1	2735000	274	105	No	NA	LEFT_ARM	JU3125
I	2740000	2750000	32	2745000	275	105	No	NA	LEFT_ARM	JU3125
I	2750000	2760000	109	2755000	276	5	Yes	Up	LEFT_ARM	JU3125
I	2760000	2770000	48	2765000	277	42	Yes	Up	LEFT_ARM	JU3125
I	2770000	2780000	51	2775000	278	31	Yes	Up	LEFT_ARM	JU3125
I	2780000	2790000	30	2785000	279	105	No	NA	LEFT_ARM	JU3125
I	2790000	2800000	28	2795000	280	105	No	NA	LEFT_ARM	JU3125
I	2800000	2810000	35	2805000	281	105	No	NA	LEFT_ARM	JU3125
I	2810000	2820000	34	2815000	282	105	No	NA	LEFT_ARM	JU3125
I	2820000	2830000	46	2825000	283	48	Yes	Up	LEFT_ARM	JU3125
I	2830000	2840000	39	2835000	284	105	No	NA	LEFT_ARM	JU3125
I	2840000	2850000	49	2845000	285	33	Yes	Up	LEFT_ARM	JU3125
I	2850000	2860000	58	2855000	286	19	Yes	Up	LEFT_ARM	JU3125
I	2860000	2870000	56	2865000	287	21	Yes	Up	LEFT_ARM	JU3125
I	2870000	2880000	44	2875000	288	53	Yes	Up	LEFT_ARM	JU3125
I	2880000	2890000	25	2885000	289	105	No	NA	LEFT_ARM	JU3125
I	2890000	2900000	16	2895000	290	105	No	NA	LEFT_ARM	JU3125
I	2900000	2910000	25	2905000	291	105	No	NA	LEFT_ARM	JU3125
I	2910000	2920000	21	2915000	292	105	No	NA	LEFT_ARM	JU3125
I	2920000	2930000	16	2925000	293	105	No	NA	LEFT_ARM	JU3125
I	2930000	2940000	32	2935000	294	105	No	NA	LEFT_ARM	JU3125
I	2940000	2950000	60	2945000	295	16	Yes	Up	LEFT_ARM	JU3125
I	2950000	2960000	34	2955000	296	105	No	NA	LEFT_ARM	JU3125
I	2960000	2970000	19	2965000	297	105	No	NA	LEFT_ARM	JU3125
I	2970000	2980000	10	2975000	298	105	No	NA	LEFT_ARM	JU3125
I	2980000	2990000	0	2985000	299	105	No	NA	LEFT_ARM	JU3125
I	2990000	3000000	2	2995000	300	105	No	NA	LEFT_ARM	JU3125
I	3000000	3010000	2	3005000	301	105	No	NA	LEFT_ARM	JU3125
I	3010000	3020000	0	3015000	302	105	No	NA	LEFT_ARM	JU3125
I	3020000	3030000	0	3025000	303	105	No	NA	LEFT_ARM	JU3125
I	3030000	3040000	2	3035000	304	105	No	NA	LEFT_ARM	JU3125
I	3040000	3050000	0	3045000	305	105	No	NA	LEFT_ARM	JU3125
I	3050000	3060000	0	3055000	306	105	No	NA	LEFT_ARM	JU3125
I	3060000	3070000	1	3065000	307	105	No	NA	LEFT_ARM	JU3125
I	3070000	3080000	0	3075000	308	105	No	NA	LEFT_ARM	JU3125
I	3080000	3090000	0	3085000	309	105	No	NA	LEFT_ARM	JU3125
I	3090000	3100000	2	3095000	310	105	No	NA	LEFT_ARM	JU3125
I	3100000	3110000	0	3105000	311	105	No	NA	LEFT_ARM	JU3125
I	3110000	3120000	1	3115000	312	105	No	NA	LEFT_ARM	JU3125
I	3120000	3130000	1	3125000	313	105	No	NA	LEFT_ARM	JU3125
I	3130000	3140000	0	3135000	314	105	No	NA	LEFT_ARM	JU3125
I	3140000	3150000	1	3145000	315	105	No	NA	LEFT_ARM	JU3125
I	3150000	3160000	0	3155000	316	105	No	NA	LEFT_ARM	JU3125
I	3160000	3170000	1	3165000	317	105	No	NA	LEFT_ARM	JU3125
I	3170000	3180000	1	3175000	318	105	No	NA	LEFT_ARM	JU3125
I	3180000	3190000	0	3185000	319	105	No	NA	LEFT_ARM	JU3125
I	3190000	3200000	1	3195000	320	105	No	NA	LEFT_ARM	JU3125
I	3200000	3210000	0	3205000	321	105	No	NA	LEFT_ARM	JU3125
I	3210000	3220000	1	3215000	322	105	No	NA	LEFT_ARM	JU3125
I	3220000	3230000	1	3225000	323	105	No	NA	LEFT_ARM	JU3125
I	3230000	3240000	0	3235000	324	105	No	NA	LEFT_ARM	JU3125
I	3240000	3250000	0	3245000	325	105	No	NA	LEFT_ARM	JU3125
I	3250000	3260000	4	3255000	326	105	No	NA	LEFT_ARM	JU3125
I	3260000	3270000	1	3265000	327	105	No	NA	LEFT_ARM	JU3125
I	3270000	3280000	0	3275000	328	105	No	NA	LEFT_ARM	JU3125
I	3280000	3290000	0	3285000	329	105	No	NA	LEFT_ARM	JU3125
I	3290000	3300000	1	3295000	330	105	No	NA	LEFT_ARM	JU3125
I	3300000	3310000	0	3305000	331	105	No	NA	LEFT_ARM	JU3125
I	3310000	3320000	1	3315000	332	105	No	NA	LEFT_ARM	JU3125
I	3320000	3330000	1	3325000	333	105	No	NA	LEFT_ARM	JU3125
I	3330000	3340000	1	3335000	334	105	No	NA	LEFT_ARM	JU3125
I	3340000	3350000	1	3345000	335	105	No	NA	LEFT_ARM	JU3125
I	3350000	3360000	0	3355000	336	105	No	NA	LEFT_ARM	JU3125
I	3360000	3370000	0	3365000	337	105	No	NA	LEFT_ARM	JU3125
I	3370000	3380000	0	3375000	338	105	No	NA	LEFT_ARM	JU3125
I	3380000	3390000	1	3385000	339	105	No	NA	LEFT_ARM	JU3125
I	3390000	3400000	0	3395000	340	105	No	NA	LEFT_ARM	JU3125
I	3400000	3410000	0	3405000	341	105	No	NA	LEFT_ARM	JU3125
I	3410000	3420000	0	3415000	342	105	No	NA	LEFT_ARM	JU3125
I	3420000	3430000	1	3425000	343	105	No	NA	LEFT_ARM	JU3125
I	3430000	3440000	2	3435000	344	105	No	NA	LEFT_ARM	JU3125
I	3440000	3450000	1	3445000	345	105	No	NA	LEFT_ARM	JU3125
I	3450000	3460000	0	3455000	346	105	No	NA	LEFT_ARM	JU3125
I	3460000	3470000	1	3465000	347	105	No	NA	LEFT_ARM	JU3125
I	3470000	3480000	0	3475000	348	105	No	NA	LEFT_ARM	JU3125
I	3480000	3490000	13	3485000	349	105	No	NA	LEFT_ARM	JU3125
I	3490000	3500000	1	3495000	350	105	No	NA	LEFT_ARM	JU3125
I	3500000	3510000	0	3505000	351	105	No	NA	LEFT_ARM	JU3125
I	3510000	3520000	1	3515000	352	105	No	NA	LEFT_ARM	JU3125
I	3520000	3530000	0	3525000	353	105	No	NA	LEFT_ARM	JU3125
I	3530000	3540000	0	3535000	354	105	No	NA	LEFT_ARM	JU3125
I	3540000	3550000	0	3545000	355	105	No	NA	LEFT_ARM	JU3125
I	3550000	3560000	1	3555000	356	105	No	NA	LEFT_ARM	JU3125
I	3560000	3570000	1	3565000	357	105	No	NA	LEFT_ARM	JU3125
I	3570000	3580000	0	3575000	358	105	No	NA	LEFT_ARM	JU3125
I	3580000	3590000	3	3585000	359	105	No	NA	LEFT_ARM	JU3125
I	3590000	3600000	1	3595000	360	105	No	NA	LEFT_ARM	JU3125
I	3600000	3610000	0	3605000	361	105	No	NA	LEFT_ARM	JU3125
I	3610000	3620000	0	3615000	362	105	No	NA	LEFT_ARM	JU3125
I	3620000	3630000	3	3625000	363	105	No	NA	LEFT_ARM	JU3125
I	3630000	3640000	1	3635000	364	105	No	NA	LEFT_ARM	JU3125
I	3640000	3650000	1	3645000	365	105	No	NA	LEFT_ARM	JU3125
I	3650000	3660000	0	3655000	366	105	No	NA	LEFT_ARM	JU3125
I	3660000	3670000	1	3665000	367	105	No	NA	LEFT_ARM	JU3125
I	3670000	3680000	0	3675000	368	105	No	NA	LEFT_ARM	JU3125
I	3680000	3690000	2	3685000	369	105	No	NA	LEFT_ARM	JU3125
I	3690000	3700000	1	3695000	370	105	No	NA	LEFT_ARM	JU3125
I	3700000	3710000	0	3705000	371	105	No	NA	LEFT_ARM	JU3125
I	3710000	3720000	2	3715000	372	105	No	NA	LEFT_ARM	JU3125
I	3720000	3730000	1	3725000	373	105	No	NA	LEFT_ARM	JU3125
I	3730000	3740000	1	3735000	374	105	No	NA	LEFT_ARM	JU3125
I	3740000	3750000	0	3745000	375	105	No	NA	LEFT_ARM	JU3125
I	3750000	3760000	0	3755000	376	105	No	NA	LEFT_ARM	JU3125
I	3760000	3770000	3	3765000	377	105	No	NA	LEFT_ARM	JU3125
I	3770000	3780000	0	3775000	378	105	No	NA	LEFT_ARM	JU3125
I	3780000	3790000	0	3785000	379	105	No	NA	LEFT_ARM	JU3125
I	3790000	3800000	0	3795000	380	105	No	NA	LEFT_ARM	JU3125
I	3800000	3810000	1	3805000	381	105	No	NA	LEFT_ARM	JU3125
I	3810000	3820000	1	3815000	382	105	No	NA	LEFT_ARM	JU3125
I	3820000	3830000	0	3825000	383	105	No	NA	LEFT_ARM	JU3125
I	3830000	3840000	0	3835000	384	105	No	NA	LEFT_ARM	JU3125
I	3840000	3850000	0	3845000	385	105	No	NA	LEFT_ARM	JU3125
I	3850000	3860000	0	3855000	386	105	No	NA	LEFT_ARM	JU3125
I	3860000	3870000	0	3865000	387	105	No	NA	CENTER	JU3125
I	3870000	3880000	0	3875000	388	105	No	NA	CENTER	JU3125
I	3880000	3890000	0	3885000	389	105	No	NA	CENTER	JU3125
I	3890000	3900000	0	3895000	390	105	No	NA	CENTER	JU3125
I	3900000	3910000	0	3905000	391	105	No	NA	CENTER	JU3125
I	3910000	3920000	0	3915000	392	105	No	NA	CENTER	JU3125
I	3920000	3930000	1	3925000	393	105	No	NA	CENTER	JU3125
I	3930000	3940000	3	3935000	394	105	No	NA	CENTER	JU3125
I	3940000	3950000	0	3945000	395	105	No	NA	CENTER	JU3125
I	3950000	3960000	1	3955000	396	105	No	NA	CENTER	JU3125
I	3960000	3970000	0	3965000	397	105	No	NA	CENTER	JU3125
I	3970000	3980000	0	3975000	398	105	No	NA	CENTER	JU3125
I	3980000	3990000	0	3985000	399	105	No	NA	CENTER	JU3125
I	3990000	4000000	4	3995000	400	105	No	NA	CENTER	JU3125
I	4000000	4010000	0	4005000	401	105	No	NA	CENTER	JU3125
I	4010000	4020000	0	4015000	402	105	No	NA	CENTER	JU3125
I	4020000	4030000	1	4025000	403	105	No	NA	CENTER	JU3125
I	4030000	4040000	1	4035000	404	105	No	NA	CENTER	JU3125
I	4040000	4050000	1	4045000	405	105	No	NA	CENTER	JU3125
I	4050000	4060000	0	4055000	406	105	No	NA	CENTER	JU3125
I	4060000	4070000	0	4065000	407	105	No	NA	CENTER	JU3125
I	4070000	4080000	0	4075000	408	105	No	NA	CENTER	JU3125
I	4080000	4090000	0	4085000	409	105	No	NA	CENTER	JU3125
I	4090000	4100000	1	4095000	410	105	No	NA	CENTER	JU3125
I	4100000	4110000	0	4105000	411	105	No	NA	CENTER	JU3125
I	4110000	4120000	1	4115000	412	105	No	NA	CENTER	JU3125
I	4120000	4130000	0	4125000	413	105	No	NA	CENTER	JU3125
I	4130000	4140000	0	4135000	414	105	No	NA	CENTER	JU3125
I	4140000	4150000	5	4145000	415	105	No	NA	CENTER	JU3125
I	4150000	4160000	0	4155000	416	105	No	NA	CENTER	JU3125
I	4160000	4170000	0	4165000	417	105	No	NA	CENTER	JU3125
I	4170000	4180000	0	4175000	418	105	No	NA	CENTER	JU3125
I	4180000	4190000	1	4185000	419	105	No	NA	CENTER	JU3125
I	4190000	4200000	1	4195000	420	105	No	NA	CENTER	JU3125
I	4200000	4210000	0	4205000	421	105	No	NA	CENTER	JU3125
I	4210000	4220000	0	4215000	422	105	No	NA	CENTER	JU3125
I	4220000	4230000	1	4225000	423	105	No	NA	CENTER	JU3125
I	4230000	4240000	1	4235000	424	105	No	NA	CENTER	JU3125
I	4240000	4250000	0	4245000	425	105	No	NA	CENTER	JU3125
I	4250000	4260000	1	4255000	426	105	No	NA	CENTER	JU3125
I	4260000	4270000	2	4265000	427	105	No	NA	CENTER	JU3125
I	4270000	4280000	0	4275000	428	105	No	NA	CENTER	JU3125
I	4280000	4290000	2	4285000	429	105	No	NA	CENTER	JU3125
I	4290000	4300000	0	4295000	430	105	No	NA	CENTER	JU3125
I	4300000	4310000	0	4305000	431	105	No	NA	CENTER	JU3125
I	4310000	4320000	0	4315000	432	105	No	NA	CENTER	JU3125
I	4320000	4330000	2	4325000	433	105	No	NA	CENTER	JU3125
I	4330000	4340000	0	4335000	434	105	No	NA	CENTER	JU3125
I	4340000	4350000	0	4345000	435	105	No	NA	CENTER	JU3125
I	4350000	4360000	0	4355000	436	105	No	NA	CENTER	JU3125
I	4360000	4370000	0	4365000	437	105	No	NA	CENTER	JU3125
I	4370000	4380000	0	4375000	438	105	No	NA	CENTER	JU3125
I	4380000	4390000	0	4385000	439	105	No	NA	CENTER	JU3125
I	4390000	4400000	0	4395000	440	105	No	NA	CENTER	JU3125
I	4400000	4410000	0	4405000	441	105	No	NA	CENTER	JU3125
I	4410000	4420000	0	4415000	442	105	No	NA	CENTER	JU3125
I	4420000	4430000	0	4425000	443	105	No	NA	CENTER	JU3125
I	4430000	4440000	0	4435000	444	105	No	NA	CENTER	JU3125
I	4440000	4450000	0	4445000	445	105	No	NA	CENTER	JU3125
I	4450000	4460000	0	4455000	446	105	No	NA	CENTER	JU3125
I	4460000	4470000	0	4465000	447	105	No	NA	CENTER	JU3125
I	4470000	4480000	0	4475000	448	105	No	NA	CENTER	JU3125
I	4480000	4490000	0	4485000	449	105	No	NA	CENTER	JU3125
I	4490000	4500000	1	4495000	450	105	No	NA	CENTER	JU3125
I	4500000	4510000	0	4505000	451	105	No	NA	CENTER	JU3125
I	4510000	4520000	1	4515000	452	105	No	NA	CENTER	JU3125
I	4520000	4530000	0	4525000	453	105	No	NA	CENTER	JU3125
I	4530000	4540000	2	4535000	454	105	No	NA	CENTER	JU3125
I	4540000	4550000	28	4545000	455	51	Yes	Up	CENTER	JU3125
I	4550000	4560000	0	4555000	456	105	No	NA	CENTER	JU3125
I	4560000	4570000	0	4565000	457	105	No	NA	CENTER	JU3125
I	4570000	4580000	0	4575000	458	105	No	NA	CENTER	JU3125
I	4580000	4590000	0	4585000	459	105	No	NA	CENTER	JU3125
I	4590000	4600000	2	4595000	460	105	No	NA	CENTER	JU3125
I	4600000	4610000	1	4605000	461	105	No	NA	CENTER	JU3125
I	4610000	4620000	0	4615000	462	105	No	NA	CENTER	JU3125
I	4620000	4630000	1	4625000	463	105	No	NA	CENTER	JU3125
I	4630000	4640000	2	4635000	464	105	No	NA	CENTER	JU3125
I	4640000	4650000	2	4645000	465	105	No	NA	CENTER	JU3125
I	4650000	4660000	0	4655000	466	105	No	NA	CENTER	JU3125
I	4660000	4670000	0	4665000	467	105	No	NA	CENTER	JU3125
I	4670000	4680000	0	4675000	468	105	No	NA	CENTER	JU3125
I	4680000	4690000	0	4685000	469	105	No	NA	CENTER	JU3125
I	4690000	4700000	0	4695000	470	105	No	NA	CENTER	JU3125
I	4700000	4710000	1	4705000	471	105	No	NA	CENTER	JU3125
I	4710000	4720000	2	4715000	472	105	No	NA	CENTER	JU3125
I	4720000	4730000	0	4725000	473	105	No	NA	CENTER	JU3125
I	4730000	4740000	0	4735000	474	105	No	NA	CENTER	JU3125
I	4740000	4750000	1	4745000	475	105	No	NA	CENTER	JU3125
I	4750000	4760000	0	4755000	476	105	No	NA	CENTER	JU3125
I	4760000	4770000	4	4765000	477	105	No	NA	CENTER	JU3125
I	4770000	4780000	0	4775000	478	105	No	NA	CENTER	JU3125
I	4780000	4790000	0	4785000	479	105	No	NA	CENTER	JU3125
I	4790000	4800000	0	4795000	480	105	No	NA	CENTER	JU3125
I	4800000	4810000	2	4805000	481	105	No	NA	CENTER	JU3125
I	4810000	4820000	0	4815000	482	105	No	NA	CENTER	JU3125
I	4820000	4830000	0	4825000	483	105	No	NA	CENTER	JU3125
I	4830000	4840000	0	4835000	484	105	No	NA	CENTER	JU3125
I	4840000	4850000	1	4845000	485	105	No	NA	CENTER	JU3125
I	4850000	4860000	2	4855000	486	105	No	NA	CENTER	JU3125
I	4860000	4870000	4	4865000	487	105	No	NA	CENTER	JU3125
I	4870000	4880000	0	4875000	488	105	No	NA	CENTER	JU3125
I	4880000	4890000	0	4885000	489	105	No	NA	CENTER	JU3125
I	4890000	4900000	0	4895000	490	105	No	NA	CENTER	JU3125
I	4900000	4910000	1	4905000	491	105	No	NA	CENTER	JU3125
I	4910000	4920000	0	4915000	492	105	No	NA	CENTER	JU3125
I	4920000	4930000	0	4925000	493	105	No	NA	CENTER	JU3125
I	4930000	4940000	0	4935000	494	105	No	NA	CENTER	JU3125
I	4940000	4950000	0	4945000	495	105	No	NA	CENTER	JU3125
I	4950000	4960000	1	4955000	496	105	No	NA	CENTER	JU3125
I	4960000	4970000	0	4965000	497	105	No	NA	CENTER	JU3125
I	4970000	4980000	1	4975000	498	105	No	NA	CENTER	JU3125
I	4980000	4990000	0	4985000	499	105	No	NA	CENTER	JU3125
I	4990000	5000000	1	4995000	500	105	No	NA	CENTER	JU3125
I	5000000	5010000	1	5005000	501	105	No	NA	CENTER	JU3125
I	5010000	5020000	2	5015000	502	105	No	NA	CENTER	JU3125
I	5020000	5030000	0	5025000	503	105	No	NA	CENTER	JU3125
I	5030000	5040000	1	5035000	504	105	No	NA	CENTER	JU3125
I	5040000	5050000	0	5045000	505	105	No	NA	CENTER	JU3125
I	5050000	5060000	1	5055000	506	105	No	NA	CENTER	JU3125
I	5060000	5070000	0	5065000	507	105	No	NA	CENTER	JU3125
I	5070000	5080000	0	5075000	508	105	No	NA	CENTER	JU3125
I	5080000	5090000	0	5085000	509	105	No	NA	CENTER	JU3125
I	5090000	5100000	0	5095000	510	105	No	NA	CENTER	JU3125
I	5100000	5110000	0	5105000	511	105	No	NA	CENTER	JU3125
I	5110000	5120000	0	5115000	512	105	No	NA	CENTER	JU3125
I	5120000	5130000	0	5125000	513	105	No	NA	CENTER	JU3125
I	5130000	5140000	0	5135000	514	105	No	NA	CENTER	JU3125
I	5140000	5150000	0	5145000	515	105	No	NA	CENTER	JU3125
I	5150000	5160000	0	5155000	516	105	No	NA	CENTER	JU3125
I	5160000	5170000	0	5165000	517	105	No	NA	CENTER	JU3125
I	5170000	5180000	0	5175000	518	105	No	NA	CENTER	JU3125
I	5180000	5190000	0	5185000	519	105	No	NA	CENTER	JU3125
I	5190000	5200000	1	5195000	520	105	No	NA	CENTER	JU3125
I	5200000	5210000	1	5205000	521	105	No	NA	CENTER	JU3125
I	5210000	5220000	0	5215000	522	105	No	NA	CENTER	JU3125
I	5220000	5230000	0	5225000	523	105	No	NA	CENTER	JU3125
I	5230000	5240000	0	5235000	524	105	No	NA	CENTER	JU3125
I	5240000	5250000	0	5245000	525	105	No	NA	CENTER	JU3125
I	5250000	5260000	0	5255000	526	105	No	NA	CENTER	JU3125
I	5260000	5270000	0	5265000	527	105	No	NA	CENTER	JU3125
I	5270000	5280000	0	5275000	528	105	No	NA	CENTER	JU3125
I	5280000	5290000	0	5285000	529	105	No	NA	CENTER	JU3125
I	5290000	5300000	0	5295000	530	105	No	NA	CENTER	JU3125
I	5300000	5310000	0	5305000	531	105	No	NA	CENTER	JU3125
I	5310000	5320000	0	5315000	532	105	No	NA	CENTER	JU3125
I	5320000	5330000	0	5325000	533	105	No	NA	CENTER	JU3125
I	5330000	5340000	0	5335000	534	105	No	NA	CENTER	JU3125
I	5340000	5350000	0	5345000	535	105	No	NA	CENTER	JU3125
I	5350000	5360000	2	5355000	536	105	No	NA	CENTER	JU3125
I	5360000	5370000	0	5365000	537	105	No	NA	CENTER	JU3125
I	5370000	5380000	2	5375000	538	105	No	NA	CENTER	JU3125
I	5380000	5390000	0	5385000	539	105	No	NA	CENTER	JU3125
I	5390000	5400000	0	5395000	540	105	No	NA	CENTER	JU3125
I	5400000	5410000	0	5405000	541	105	No	NA	CENTER	JU3125
I	5410000	5420000	1	5415000	542	105	No	NA	CENTER	JU3125
I	5420000	5430000	1	5425000	543	105	No	NA	CENTER	JU3125
I	5430000	5440000	2	5435000	544	105	No	NA	CENTER	JU3125
I	5440000	5450000	0	5445000	545	105	No	NA	CENTER	JU3125
I	5450000	5460000	1	5455000	546	105	No	NA	CENTER	JU3125
I	5460000	5470000	0	5465000	547	105	No	NA	CENTER	JU3125
I	5470000	5480000	0	5475000	548	105	No	NA	CENTER	JU3125
I	5480000	5490000	0	5485000	549	105	No	NA	CENTER	JU3125
I	5490000	5500000	1	5495000	550	105	No	NA	CENTER	JU3125
I	5500000	5510000	0	5505000	551	105	No	NA	CENTER	JU3125
I	5510000	5520000	0	5515000	552	105	No	NA	CENTER	JU3125
I	5520000	5530000	0	5525000	553	105	No	NA	CENTER	JU3125
I	5530000	5540000	0	5535000	554	105	No	NA	CENTER	JU3125
I	5540000	5550000	0	5545000	555	105	No	NA	CENTER	JU3125
I	5550000	5560000	1	5555000	556	105	No	NA	CENTER	JU3125
I	5560000	5570000	0	5565000	557	105	No	NA	CENTER	JU3125
I	5570000	5580000	0	5575000	558	105	No	NA	CENTER	JU3125
I	5580000	5590000	0	5585000	559	105	No	NA	CENTER	JU3125
I	5590000	5600000	1	5595000	560	105	No	NA	CENTER	JU3125
I	5600000	5610000	0	5605000	561	105	No	NA	CENTER	JU3125
I	5610000	5620000	0	5615000	562	105	No	NA	CENTER	JU3125
I	5620000	5630000	1	5625000	563	105	No	NA	CENTER	JU3125
I	5630000	5640000	1	5635000	564	105	No	NA	CENTER	JU3125
I	5640000	5650000	0	5645000	565	105	No	NA	CENTER	JU3125
I	5650000	5660000	0	5655000	566	105	No	NA	CENTER	JU3125
I	5660000	5670000	1	5665000	567	105	No	NA	CENTER	JU3125
I	5670000	5680000	0	5675000	568	105	No	NA	CENTER	JU3125
I	5680000	5690000	0	5685000	569	105	No	NA	CENTER	JU3125
I	5690000	5700000	1	5695000	570	105	No	NA	CENTER	JU3125
I	5700000	5710000	0	5705000	571	105	No	NA	CENTER	JU3125
I	5710000	5720000	1	5715000	572	105	No	NA	CENTER	JU3125
I	5720000	5730000	0	5725000	573	105	No	NA	CENTER	JU3125
I	5730000	5740000	0	5735000	574	105	No	NA	CENTER	JU3125
I	5740000	5750000	0	5745000	575	105	No	NA	CENTER	JU3125
I	5750000	5760000	0	5755000	576	105	No	NA	CENTER	JU3125
I	5760000	5770000	0	5765000	577	105	No	NA	CENTER	JU3125
I	5770000	5780000	2	5775000	578	105	No	NA	CENTER	JU3125
I	5780000	5790000	0	5785000	579	105	No	NA	CENTER	JU3125
I	5790000	5800000	0	5795000	580	105	No	NA	CENTER	JU3125
I	5800000	5810000	0	5805000	581	105	No	NA	CENTER	JU3125
I	5810000	5820000	1	5815000	582	105	No	NA	CENTER	JU3125
I	5820000	5830000	0	5825000	583	105	No	NA	CENTER	JU3125
I	5830000	5840000	0	5835000	584	105	No	NA	CENTER	JU3125
I	5840000	5850000	0	5845000	585	105	No	NA	CENTER	JU3125
I	5850000	5860000	0	5855000	586	105	No	NA	CENTER	JU3125
I	5860000	5870000	0	5865000	587	105	No	NA	CENTER	JU3125
I	5870000	5880000	0	5875000	588	105	No	NA	CENTER	JU3125
I	5880000	5890000	0	5885000	589	105	No	NA	CENTER	JU3125
I	5890000	5900000	0	5895000	590	105	No	NA	CENTER	JU3125
I	5900000	5910000	0	5905000	591	105	No	NA	CENTER	JU3125
I	5910000	5920000	1	5915000	592	105	No	NA	CENTER	JU3125
I	5920000	5930000	0	5925000	593	105	No	NA	CENTER	JU3125
I	5930000	5940000	0	5935000	594	105	No	NA	CENTER	JU3125
I	5940000	5950000	0	5945000	595	105	No	NA	CENTER	JU3125
I	5950000	5960000	1	5955000	596	105	No	NA	CENTER	JU3125
I	5960000	5970000	0	5965000	597	105	No	NA	CENTER	JU3125
I	5970000	5980000	0	5975000	598	105	No	NA	CENTER	JU3125
I	5980000	5990000	0	5985000	599	105	No	NA	CENTER	JU3125
I	5990000	6000000	1	5995000	600	105	No	NA	CENTER	JU3125
I	6000000	6010000	1	6005000	601	105	No	NA	CENTER	JU3125
I	6010000	6020000	0	6015000	602	105	No	NA	CENTER	JU3125
I	6020000	6030000	0	6025000	603	105	No	NA	CENTER	JU3125
I	6030000	6040000	0	6035000	604	105	No	NA	CENTER	JU3125
I	6040000	6050000	0	6045000	605	105	No	NA	CENTER	JU3125
I	6050000	6060000	0	6055000	606	105	No	NA	CENTER	JU3125
I	6060000	6070000	2	6065000	607	105	No	NA	CENTER	JU3125
I	6070000	6080000	0	6075000	608	105	No	NA	CENTER	JU3125
I	6080000	6090000	0	6085000	609	105	No	NA	CENTER	JU3125
I	6090000	6100000	2	6095000	610	105	No	NA	CENTER	JU3125
I	6100000	6110000	0	6105000	611	105	No	NA	CENTER	JU3125
I	6110000	6120000	0	6115000	612	105	No	NA	CENTER	JU3125
I	6120000	6130000	0	6125000	613	105	No	NA	CENTER	JU3125
I	6130000	6140000	1	6135000	614	105	No	NA	CENTER	JU3125
I	6140000	6150000	0	6145000	615	105	No	NA	CENTER	JU3125
I	6150000	6160000	1	6155000	616	105	No	NA	CENTER	JU3125
I	6160000	6170000	5	6165000	617	105	No	NA	CENTER	JU3125
I	6170000	6180000	0	6175000	618	105	No	NA	CENTER	JU3125
I	6180000	6190000	0	6185000	619	105	No	NA	CENTER	JU3125
I	6190000	6200000	0	6195000	620	105	No	NA	CENTER	JU3125
I	6200000	6210000	0	6205000	621	105	No	NA	CENTER	JU3125
I	6210000	6220000	0	6215000	622	105	No	NA	CENTER	JU3125
I	6220000	6230000	0	6225000	623	105	No	NA	CENTER	JU3125
I	6230000	6240000	0	6235000	624	105	No	NA	CENTER	JU3125
I	6240000	6250000	0	6245000	625	105	No	NA	CENTER	JU3125
I	6250000	6260000	0	6255000	626	105	No	NA	CENTER	JU3125
I	6260000	6270000	1	6265000	627	105	No	NA	CENTER	JU3125
I	6270000	6280000	0	6275000	628	105	No	NA	CENTER	JU3125
I	6280000	6290000	1	6285000	629	105	No	NA	CENTER	JU3125
I	6290000	6300000	0	6295000	630	105	No	NA	CENTER	JU3125
I	6300000	6310000	0	6305000	631	105	No	NA	CENTER	JU3125
I	6310000	6320000	0	6315000	632	105	No	NA	CENTER	JU3125
I	6320000	6330000	0	6325000	633	105	No	NA	CENTER	JU3125
I	6330000	6340000	1	6335000	634	105	No	NA	CENTER	JU3125
I	6340000	6350000	0	6345000	635	105	No	NA	CENTER	JU3125
I	6350000	6360000	1	6355000	636	105	No	NA	CENTER	JU3125
I	6360000	6370000	1	6365000	637	105	No	NA	CENTER	JU3125
I	6370000	6380000	1	6375000	638	105	No	NA	CENTER	JU3125
I	6380000	6390000	0	6385000	639	105	No	NA	CENTER	JU3125
I	6390000	6400000	0	6395000	640	105	No	NA	CENTER	JU3125
I	6400000	6410000	1	6405000	641	105	No	NA	CENTER	JU3125
I	6410000	6420000	2	6415000	642	105	No	NA	CENTER	JU3125
I	6420000	6430000	2	6425000	643	105	No	NA	CENTER	JU3125
I	6430000	6440000	0	6435000	644	105	No	NA	CENTER	JU3125
I	6440000	6450000	2	6445000	645	105	No	NA	CENTER	JU3125
I	6450000	6460000	0	6455000	646	105	No	NA	CENTER	JU3125
I	6460000	6470000	0	6465000	647	105	No	NA	CENTER	JU3125
I	6470000	6480000	0	6475000	648	105	No	NA	CENTER	JU3125
I	6480000	6490000	2	6485000	649	105	No	NA	CENTER	JU3125
I	6490000	6500000	0	6495000	650	105	No	NA	CENTER	JU3125
I	6500000	6510000	0	6505000	651	105	No	NA	CENTER	JU3125
I	6510000	6520000	0	6515000	652	105	No	NA	CENTER	JU3125
I	6520000	6530000	0	6525000	653	105	No	NA	CENTER	JU3125
I	6530000	6540000	0	6535000	654	105	No	NA	CENTER	JU3125
I	6540000	6550000	0	6545000	655	105	No	NA	CENTER	JU3125
I	6550000	6560000	0	6555000	656	105	No	NA	CENTER	JU3125
I	6560000	6570000	0	6565000	657	105	No	NA	CENTER	JU3125
I	6570000	6580000	0	6575000	658	105	No	NA	CENTER	JU3125
I	6580000	6590000	0	6585000	659	105	No	NA	CENTER	JU3125
I	6590000	6600000	0	6595000	660	105	No	NA	CENTER	JU3125
I	6600000	6610000	1	6605000	661	105	No	NA	CENTER	JU3125
I	6610000	6620000	0	6615000	662	105	No	NA	CENTER	JU3125
I	6620000	6630000	0	6625000	663	105	No	NA	CENTER	JU3125
I	6630000	6640000	2	6635000	664	105	No	NA	CENTER	JU3125
I	6640000	6650000	0	6645000	665	105	No	NA	CENTER	JU3125
I	6650000	6660000	2	6655000	666	105	No	NA	CENTER	JU3125
I	6660000	6670000	0	6665000	667	105	No	NA	CENTER	JU3125
I	6670000	6680000	0	6675000	668	105	No	NA	CENTER	JU3125
I	6680000	6690000	0	6685000	669	105	No	NA	CENTER	JU3125
I	6690000	6700000	0	6695000	670	105	No	NA	CENTER	JU3125
I	6700000	6710000	0	6705000	671	105	No	NA	CENTER	JU3125
I	6710000	6720000	0	6715000	672	105	No	NA	CENTER	JU3125
I	6720000	6730000	0	6725000	673	105	No	NA	CENTER	JU3125
I	6730000	6740000	0	6735000	674	105	No	NA	CENTER	JU3125
I	6740000	6750000	0	6745000	675	105	No	NA	CENTER	JU3125
I	6750000	6760000	0	6755000	676	105	No	NA	CENTER	JU3125
I	6760000	6770000	0	6765000	677	105	No	NA	CENTER	JU3125
I	6770000	6780000	2	6775000	678	105	No	NA	CENTER	JU3125
I	6780000	6790000	0	6785000	679	105	No	NA	CENTER	JU3125
I	6790000	6800000	0	6795000	680	105	No	NA	CENTER	JU3125
I	6800000	6810000	0	6805000	681	105	No	NA	CENTER	JU3125
I	6810000	6820000	0	6815000	682	105	No	NA	CENTER	JU3125
I	6820000	6830000	1	6825000	683	105	No	NA	CENTER	JU3125
I	6830000	6840000	0	6835000	684	105	No	NA	CENTER	JU3125
I	6840000	6850000	0	6845000	685	105	No	NA	CENTER	JU3125
I	6850000	6860000	0	6855000	686	105	No	NA	CENTER	JU3125
I	6860000	6870000	1	6865000	687	105	No	NA	CENTER	JU3125
I	6870000	6880000	0	6875000	688	105	No	NA	CENTER	JU3125
I	6880000	6890000	1	6885000	689	105	No	NA	CENTER	JU3125
I	6890000	6900000	0	6895000	690	105	No	NA	CENTER	JU3125
I	6900000	6910000	1	6905000	691	105	No	NA	CENTER	JU3125
I	6910000	6920000	0	6915000	692	105	No	NA	CENTER	JU3125
I	6920000	6930000	0	6925000	693	105	No	NA	CENTER	JU3125
I	6930000	6940000	0	6935000	694	105	No	NA	CENTER	JU3125
I	6940000	6950000	0	6945000	695	105	No	NA	CENTER	JU3125
I	6950000	6960000	0	6955000	696	105	No	NA	CENTER	JU3125
I	6960000	6970000	1	6965000	697	105	No	NA	CENTER	JU3125
I	6970000	6980000	0	6975000	698	105	No	NA	CENTER	JU3125
I	6980000	6990000	0	6985000	699	105	No	NA	CENTER	JU3125
I	6990000	7000000	0	6995000	700	105	No	NA	CENTER	JU3125
I	7000000	7010000	0	7005000	701	105	No	NA	CENTER	JU3125
I	7010000	7020000	0	7015000	702	105	No	NA	CENTER	JU3125
I	7020000	7030000	0	7025000	703	105	No	NA	CENTER	JU3125
I	7030000	7040000	5	7035000	704	105	No	NA	CENTER	JU3125
I	7040000	7050000	1	7045000	705	105	No	NA	CENTER	JU3125
I	7050000	7060000	1	7055000	706	105	No	NA	CENTER	JU3125
I	7060000	7070000	0	7065000	707	105	No	NA	CENTER	JU3125
I	7070000	7080000	0	7075000	708	105	No	NA	CENTER	JU3125
I	7080000	7090000	0	7085000	709	105	No	NA	CENTER	JU3125
I	7090000	7100000	1	7095000	710	105	No	NA	CENTER	JU3125
I	7100000	7110000	0	7105000	711	105	No	NA	CENTER	JU3125
I	7110000	7120000	0	7115000	712	105	No	NA	CENTER	JU3125
I	7120000	7130000	0	7125000	713	105	No	NA	CENTER	JU3125
I	7130000	7140000	0	7135000	714	105	No	NA	CENTER	JU3125
I	7140000	7150000	2	7145000	715	105	No	NA	CENTER	JU3125
I	7150000	7160000	0	7155000	716	105	No	NA	CENTER	JU3125
I	7160000	7170000	0	7165000	717	105	No	NA	CENTER	JU3125
I	7170000	7180000	0	7175000	718	105	No	NA	CENTER	JU3125
I	7180000	7190000	1	7185000	719	105	No	NA	CENTER	JU3125
I	7190000	7200000	0	7195000	720	105	No	NA	CENTER	JU3125
I	7200000	7210000	1	7205000	721	105	No	NA	CENTER	JU3125
I	7210000	7220000	0	7215000	722	105	No	NA	CENTER	JU3125
I	7220000	7230000	1	7225000	723	105	No	NA	CENTER	JU3125
I	7230000	7240000	0	7235000	724	105	No	NA	CENTER	JU3125
I	7240000	7250000	0	7245000	725	105	No	NA	CENTER	JU3125
I	7250000	7260000	1	7255000	726	105	No	NA	CENTER	JU3125
I	7260000	7270000	0	7265000	727	105	No	NA	CENTER	JU3125
I	7270000	7280000	0	7275000	728	105	No	NA	CENTER	JU3125
I	7280000	7290000	1	7285000	729	105	No	NA	CENTER	JU3125
I	7290000	7300000	0	7295000	730	105	No	NA	CENTER	JU3125
I	7300000	7310000	0	7305000	731	105	No	NA	CENTER	JU3125
I	7310000	7320000	0	7315000	732	105	No	NA	CENTER	JU3125
I	7320000	7330000	4	7325000	733	105	No	NA	CENTER	JU3125
I	7330000	7340000	0	7335000	734	105	No	NA	CENTER	JU3125
I	7340000	7350000	0	7345000	735	105	No	NA	CENTER	JU3125
I	7350000	7360000	0	7355000	736	105	No	NA	CENTER	JU3125
I	7360000	7370000	0	7365000	737	105	No	NA	CENTER	JU3125
I	7370000	7380000	1	7375000	738	105	No	NA	CENTER	JU3125
I	7380000	7390000	0	7385000	739	105	No	NA	CENTER	JU3125
I	7390000	7400000	1	7395000	740	105	No	NA	CENTER	JU3125
I	7400000	7410000	0	7405000	741	105	No	NA	CENTER	JU3125
I	7410000	7420000	0	7415000	742	105	No	NA	CENTER	JU3125
I	7420000	7430000	2	7425000	743	105	No	NA	CENTER	JU3125
I	7430000	7440000	1	7435000	744	105	No	NA	CENTER	JU3125
I	7440000	7450000	1	7445000	745	105	No	NA	CENTER	JU3125
I	7450000	7460000	0	7455000	746	105	No	NA	CENTER	JU3125
I	7460000	7470000	0	7465000	747	105	No	NA	CENTER	JU3125
I	7470000	7480000	1	7475000	748	105	No	NA	CENTER	JU3125
I	7480000	7490000	1	7485000	749	105	No	NA	CENTER	JU3125
I	7490000	7500000	1	7495000	750	105	No	NA	CENTER	JU3125
I	7500000	7510000	0	7505000	751	105	No	NA	CENTER	JU3125
I	7510000	7520000	0	7515000	752	105	No	NA	CENTER	JU3125
I	7520000	7530000	2	7525000	753	105	No	NA	CENTER	JU3125
I	7530000	7540000	0	7535000	754	105	No	NA	CENTER	JU3125
I	7540000	7550000	0	7545000	755	105	No	NA	CENTER	JU3125
I	7550000	7560000	0	7555000	756	105	No	NA	CENTER	JU3125
I	7560000	7570000	0	7565000	757	105	No	NA	CENTER	JU3125
I	7570000	7580000	0	7575000	758	105	No	NA	CENTER	JU3125
I	7580000	7590000	0	7585000	759	105	No	NA	CENTER	JU3125
I	7590000	7600000	0	7595000	760	105	No	NA	CENTER	JU3125
I	7600000	7610000	0	7605000	761	105	No	NA	CENTER	JU3125
I	7610000	7620000	1	7615000	762	105	No	NA	CENTER	JU3125
I	7620000	7630000	0	7625000	763	105	No	NA	CENTER	JU3125
I	7630000	7640000	0	7635000	764	105	No	NA	CENTER	JU3125
I	7640000	7650000	0	7645000	765	105	No	NA	CENTER	JU3125
I	7650000	7660000	0	7655000	766	105	No	NA	CENTER	JU3125
I	7660000	7670000	4	7665000	767	105	No	NA	CENTER	JU3125
I	7670000	7680000	0	7675000	768	105	No	NA	CENTER	JU3125
I	7680000	7690000	0	7685000	769	105	No	NA	CENTER	JU3125
I	7690000	7700000	0	7695000	770	105	No	NA	CENTER	JU3125
I	7700000	7710000	0	7705000	771	105	No	NA	CENTER	JU3125
I	7710000	7720000	2	7715000	772	105	No	NA	CENTER	JU3125
I	7720000	7730000	1	7725000	773	105	No	NA	CENTER	JU3125
I	7730000	7740000	0	7735000	774	105	No	NA	CENTER	JU3125
I	7740000	7750000	5	7745000	775	105	No	NA	CENTER	JU3125
I	7750000	7760000	2	7755000	776	105	No	NA	CENTER	JU3125
I	7760000	7770000	0	7765000	777	105	No	NA	CENTER	JU3125
I	7770000	7780000	0	7775000	778	105	No	NA	CENTER	JU3125
I	7780000	7790000	2	7785000	779	105	No	NA	CENTER	JU3125
I	7790000	7800000	1	7795000	780	105	No	NA	CENTER	JU3125
I	7800000	7810000	0	7805000	781	105	No	NA	CENTER	JU3125
I	7810000	7820000	0	7815000	782	105	No	NA	CENTER	JU3125
I	7820000	7830000	0	7825000	783	105	No	NA	CENTER	JU3125
I	7830000	7840000	1	7835000	784	105	No	NA	CENTER	JU3125
I	7840000	7850000	0	7845000	785	105	No	NA	CENTER	JU3125
I	7850000	7860000	0	7855000	786	105	No	NA	CENTER	JU3125
I	7860000	7870000	3	7865000	787	105	No	NA	CENTER	JU3125
I	7870000	7880000	8	7875000	788	105	No	NA	CENTER	JU3125
I	7880000	7890000	0	7885000	789	105	No	NA	CENTER	JU3125
I	7890000	7900000	0	7895000	790	105	No	NA	CENTER	JU3125
I	7900000	7910000	0	7905000	791	105	No	NA	CENTER	JU3125
I	7910000	7920000	0	7915000	792	105	No	NA	CENTER	JU3125
I	7920000	7930000	1	7925000	793	105	No	NA	CENTER	JU3125
I	7930000	7940000	0	7935000	794	105	No	NA	CENTER	JU3125
I	7940000	7950000	1	7945000	795	105	No	NA	CENTER	JU3125
I	7950000	7960000	2	7955000	796	105	No	NA	CENTER	JU3125
I	7960000	7970000	1	7965000	797	105	No	NA	CENTER	JU3125
I	7970000	7980000	0	7975000	798	105	No	NA	CENTER	JU3125
I	7980000	7990000	0	7985000	799	105	No	NA	CENTER	JU3125
I	7990000	8000000	0	7995000	800	105	No	NA	CENTER	JU3125
I	8000000	8010000	2	8005000	801	105	No	NA	CENTER	JU3125
I	8010000	8020000	1	8015000	802	105	No	NA	CENTER	JU3125
I	8020000	8030000	1	8025000	803	105	No	NA	CENTER	JU3125
I	8030000	8040000	0	8035000	804	105	No	NA	CENTER	JU3125
I	8040000	8050000	0	8045000	805	105	No	NA	CENTER	JU3125
I	8050000	8060000	0	8055000	806	105	No	NA	CENTER	JU3125
I	8060000	8070000	0	8065000	807	105	No	NA	CENTER	JU3125
I	8070000	8080000	0	8075000	808	105	No	NA	CENTER	JU3125
I	8080000	8090000	0	8085000	809	105	No	NA	CENTER	JU3125
I	8090000	8100000	2	8095000	810	105	No	NA	CENTER	JU3125
I	8100000	8110000	1	8105000	811	105	No	NA	CENTER	JU3125
I	8110000	8120000	0	8115000	812	105	No	NA	CENTER	JU3125
I	8120000	8130000	1	8125000	813	105	No	NA	CENTER	JU3125
I	8130000	8140000	0	8135000	814	105	No	NA	CENTER	JU3125
I	8140000	8150000	0	8145000	815	105	No	NA	CENTER	JU3125
I	8150000	8160000	0	8155000	816	105	No	NA	CENTER	JU3125
I	8160000	8170000	0	8165000	817	105	No	NA	CENTER	JU3125
I	8170000	8180000	0	8175000	818	105	No	NA	CENTER	JU3125
I	8180000	8190000	0	8185000	819	105	No	NA	CENTER	JU3125
I	8190000	8200000	0	8195000	820	105	No	NA	CENTER	JU3125
I	8200000	8210000	0	8205000	821	105	No	NA	CENTER	JU3125
I	8210000	8220000	2	8215000	822	105	No	NA	CENTER	JU3125
I	8220000	8230000	1	8225000	823	105	No	NA	CENTER	JU3125
I	8230000	8240000	0	8235000	824	105	No	NA	CENTER	JU3125
I	8240000	8250000	2	8245000	825	105	No	NA	CENTER	JU3125
I	8250000	8260000	0	8255000	826	105	No	NA	CENTER	JU3125
I	8260000	8270000	0	8265000	827	105	No	NA	CENTER	JU3125
I	8270000	8280000	0	8275000	828	105	No	NA	CENTER	JU3125
I	8280000	8290000	0	8285000	829	105	No	NA	CENTER	JU3125
I	8290000	8300000	0	8295000	830	105	No	NA	CENTER	JU3125
I	8300000	8310000	0	8305000	831	105	No	NA	CENTER	JU3125
I	8310000	8320000	0	8315000	832	105	No	NA	CENTER	JU3125
I	8320000	8330000	1	8325000	833	105	No	NA	CENTER	JU3125
I	8330000	8340000	0	8335000	834	105	No	NA	CENTER	JU3125
I	8340000	8350000	0	8345000	835	105	No	NA	CENTER	JU3125
I	8350000	8360000	1	8355000	836	105	No	NA	CENTER	JU3125
I	8360000	8370000	8	8365000	837	105	No	NA	CENTER	JU3125
I	8370000	8380000	0	8375000	838	105	No	NA	CENTER	JU3125
I	8380000	8390000	0	8385000	839	105	No	NA	CENTER	JU3125
I	8390000	8400000	1	8395000	840	105	No	NA	CENTER	JU3125
I	8400000	8410000	1	8405000	841	105	No	NA	CENTER	JU3125
I	8410000	8420000	0	8415000	842	105	No	NA	CENTER	JU3125
I	8420000	8430000	4	8425000	843	105	No	NA	CENTER	JU3125
I	8430000	8440000	0	8435000	844	105	No	NA	CENTER	JU3125
I	8440000	8450000	1	8445000	845	105	No	NA	CENTER	JU3125
I	8450000	8460000	0	8455000	846	105	No	NA	CENTER	JU3125
I	8460000	8470000	0	8465000	847	105	No	NA	CENTER	JU3125
I	8470000	8480000	1	8475000	848	105	No	NA	CENTER	JU3125
I	8480000	8490000	0	8485000	849	105	No	NA	CENTER	JU3125
I	8490000	8500000	3	8495000	850	105	No	NA	CENTER	JU3125
I	8500000	8510000	1	8505000	851	105	No	NA	CENTER	JU3125
I	8510000	8520000	0	8515000	852	105	No	NA	CENTER	JU3125
I	8520000	8530000	0	8525000	853	105	No	NA	CENTER	JU3125
I	8530000	8540000	0	8535000	854	105	No	NA	CENTER	JU3125
I	8540000	8550000	0	8545000	855	105	No	NA	CENTER	JU3125
I	8550000	8560000	3	8555000	856	105	No	NA	CENTER	JU3125
I	8560000	8570000	4	8565000	857	105	No	NA	CENTER	JU3125
I	8570000	8580000	0	8575000	858	105	No	NA	CENTER	JU3125
I	8580000	8590000	0	8585000	859	105	No	NA	CENTER	JU3125
I	8590000	8600000	1	8595000	860	105	No	NA	CENTER	JU3125
I	8600000	8610000	0	8605000	861	105	No	NA	CENTER	JU3125
I	8610000	8620000	0	8615000	862	105	No	NA	CENTER	JU3125
I	8620000	8630000	1	8625000	863	105	No	NA	CENTER	JU3125
I	8630000	8640000	0	8635000	864	105	No	NA	CENTER	JU3125
I	8640000	8650000	1	8645000	865	105	No	NA	CENTER	JU3125
I	8650000	8660000	0	8655000	866	105	No	NA	CENTER	JU3125
I	8660000	8670000	1	8665000	867	105	No	NA	CENTER	JU3125
I	8670000	8680000	0	8675000	868	105	No	NA	CENTER	JU3125
I	8680000	8690000	0	8685000	869	105	No	NA	CENTER	JU3125
I	8690000	8700000	1	8695000	870	105	No	NA	CENTER	JU3125
I	8700000	8710000	0	8705000	871	105	No	NA	CENTER	JU3125
I	8710000	8720000	0	8715000	872	105	No	NA	CENTER	JU3125
I	8720000	8730000	0	8725000	873	105	No	NA	CENTER	JU3125
I	8730000	8740000	1	8735000	874	105	No	NA	CENTER	JU3125
I	8740000	8750000	0	8745000	875	105	No	NA	CENTER	JU3125
I	8750000	8760000	0	8755000	876	105	No	NA	CENTER	JU3125
I	8760000	8770000	0	8765000	877	105	No	NA	CENTER	JU3125
I	8770000	8780000	0	8775000	878	105	No	NA	CENTER	JU3125
I	8780000	8790000	1	8785000	879	105	No	NA	CENTER	JU3125
I	8790000	8800000	0	8795000	880	105	No	NA	CENTER	JU3125
I	8800000	8810000	1	8805000	881	105	No	NA	CENTER	JU3125
I	8810000	8820000	0	8815000	882	105	No	NA	CENTER	JU3125
I	8820000	8830000	0	8825000	883	105	No	NA	CENTER	JU3125
I	8830000	8840000	0	8835000	884	105	No	NA	CENTER	JU3125
I	8840000	8850000	0	8845000	885	105	No	NA	CENTER	JU3125
I	8850000	8860000	0	8855000	886	105	No	NA	CENTER	JU3125
I	8860000	8870000	0	8865000	887	105	No	NA	CENTER	JU3125
I	8870000	8880000	0	8875000	888	105	No	NA	CENTER	JU3125
I	8880000	8890000	0	8885000	889	105	No	NA	CENTER	JU3125
I	8890000	8900000	1	8895000	890	105	No	NA	CENTER	JU3125
I	8900000	8910000	1	8905000	891	105	No	NA	CENTER	JU3125
I	8910000	8920000	1	8915000	892	105	No	NA	CENTER	JU3125
I	8920000	8930000	1	8925000	893	105	No	NA	CENTER	JU3125
I	8930000	8940000	0	8935000	894	105	No	NA	CENTER	JU3125
I	8940000	8950000	0	8945000	895	105	No	NA	CENTER	JU3125
I	8950000	8960000	0	8955000	896	105	No	NA	CENTER	JU3125
I	8960000	8970000	0	8965000	897	105	No	NA	CENTER	JU3125
I	8970000	8980000	0	8975000	898	105	No	NA	CENTER	JU3125
I	8980000	8990000	0	8985000	899	105	No	NA	CENTER	JU3125
I	8990000	9000000	0	8995000	900	105	No	NA	CENTER	JU3125
I	9000000	9010000	0	9005000	901	105	No	NA	CENTER	JU3125
I	9010000	9020000	0	9015000	902	105	No	NA	CENTER	JU3125
I	9020000	9030000	0	9025000	903	105	No	NA	CENTER	JU3125
I	9030000	9040000	0	9035000	904	105	No	NA	CENTER	JU3125
I	9040000	9050000	0	9045000	905	105	No	NA	CENTER	JU3125
I	9050000	9060000	0	9055000	906	105	No	NA	CENTER	JU3125
I	9060000	9070000	0	9065000	907	105	No	NA	CENTER	JU3125
I	9070000	9080000	1	9075000	908	105	No	NA	CENTER	JU3125
I	9080000	9090000	1	9085000	909	105	No	NA	CENTER	JU3125
I	9090000	9100000	0	9095000	910	105	No	NA	CENTER	JU3125
I	9100000	9110000	1	9105000	911	105	No	NA	CENTER	JU3125
I	9110000	9120000	0	9115000	912	105	No	NA	CENTER	JU3125
I	9120000	9130000	0	9125000	913	105	No	NA	CENTER	JU3125
I	9130000	9140000	0	9135000	914	105	No	NA	CENTER	JU3125
I	9140000	9150000	0	9145000	915	105	No	NA	CENTER	JU3125
I	9150000	9160000	0	9155000	916	105	No	NA	CENTER	JU3125
I	9160000	9170000	0	9165000	917	105	No	NA	CENTER	JU3125
I	9170000	9180000	0	9175000	918	105	No	NA	CENTER	JU3125
I	9180000	9190000	0	9185000	919	105	No	NA	CENTER	JU3125
I	9190000	9200000	0	9195000	920	105	No	NA	CENTER	JU3125
I	9200000	9210000	1	9205000	921	105	No	NA	CENTER	JU3125
I	9210000	9220000	0	9215000	922	105	No	NA	CENTER	JU3125
I	9220000	9230000	1	9225000	923	105	No	NA	CENTER	JU3125
I	9230000	9240000	0	9235000	924	105	No	NA	CENTER	JU3125
I	9240000	9250000	1	9245000	925	105	No	NA	CENTER	JU3125
I	9250000	9260000	0	9255000	926	105	No	NA	CENTER	JU3125
I	9260000	9270000	1	9265000	927	105	No	NA	CENTER	JU3125
I	9270000	9280000	1	9275000	928	105	No	NA	CENTER	JU3125
I	9280000	9290000	0	9285000	929	105	No	NA	CENTER	JU3125
I	9290000	9300000	0	9295000	930	105	No	NA	CENTER	JU3125
I	9300000	9310000	0	9305000	931	105	No	NA	CENTER	JU3125
I	9310000	9320000	1	9315000	932	105	No	NA	CENTER	JU3125
I	9320000	9330000	0	9325000	933	105	No	NA	CENTER	JU3125
I	9330000	9340000	0	9335000	934	105	No	NA	CENTER	JU3125
I	9340000	9350000	1	9345000	935	105	No	NA	CENTER	JU3125
I	9350000	9360000	0	9355000	936	105	No	NA	CENTER	JU3125
I	9360000	9370000	0	9365000	937	105	No	NA	CENTER	JU3125
I	9370000	9380000	0	9375000	938	105	No	NA	CENTER	JU3125
I	9380000	9390000	4	9385000	939	105	No	NA	CENTER	JU3125
I	9390000	9400000	0	9395000	940	105	No	NA	CENTER	JU3125
I	9400000	9410000	0	9405000	941	105	No	NA	CENTER	JU3125
I	9410000	9420000	0	9415000	942	105	No	NA	CENTER	JU3125
I	9420000	9430000	0	9425000	943	105	No	NA	CENTER	JU3125
I	9430000	9440000	0	9435000	944	105	No	NA	CENTER	JU3125
I	9440000	9450000	0	9445000	945	105	No	NA	CENTER	JU3125
I	9450000	9460000	0	9455000	946	105	No	NA	CENTER	JU3125
I	9460000	9470000	0	9465000	947	105	No	NA	CENTER	JU3125
I	9470000	9480000	1	9475000	948	105	No	NA	CENTER	JU3125
I	9480000	9490000	0	9485000	949	105	No	NA	CENTER	JU3125
I	9490000	9500000	2	9495000	950	105	No	NA	CENTER	JU3125
I	9500000	9510000	0	9505000	951	105	No	NA	CENTER	JU3125
I	9510000	9520000	0	9515000	952	105	No	NA	CENTER	JU3125
I	9520000	9530000	0	9525000	953	105	No	NA	CENTER	JU3125
I	9530000	9540000	0	9535000	954	105	No	NA	CENTER	JU3125
I	9540000	9550000	1	9545000	955	105	No	NA	CENTER	JU3125
I	9550000	9560000	0	9555000	956	105	No	NA	CENTER	JU3125
I	9560000	9570000	0	9565000	957	105	No	NA	CENTER	JU3125
I	9570000	9580000	2	9575000	958	105	No	NA	CENTER	JU3125
I	9580000	9590000	0	9585000	959	105	No	NA	CENTER	JU3125
I	9590000	9600000	0	9595000	960	105	No	NA	CENTER	JU3125
I	9600000	9610000	1	9605000	961	105	No	NA	CENTER	JU3125
I	9610000	9620000	0	9615000	962	105	No	NA	CENTER	JU3125
I	9620000	9630000	0	9625000	963	105	No	NA	CENTER	JU3125
I	9630000	9640000	2	9635000	964	105	No	NA	CENTER	JU3125
I	9640000	9650000	0	9645000	965	105	No	NA	CENTER	JU3125
I	9650000	9660000	1	9655000	966	105	No	NA	CENTER	JU3125
I	9660000	9670000	0	9665000	967	105	No	NA	CENTER	JU3125
I	9670000	9680000	0	9675000	968	105	No	NA	CENTER	JU3125
I	9680000	9690000	0	9685000	969	105	No	NA	CENTER	JU3125
I	9690000	9700000	0	9695000	970	105	No	NA	CENTER	JU3125
I	9700000	9710000	1	9705000	971	105	No	NA	CENTER	JU3125
I	9710000	9720000	1	9715000	972	105	No	NA	CENTER	JU3125
I	9720000	9730000	0	9725000	973	105	No	NA	CENTER	JU3125
I	9730000	9740000	0	9735000	974	105	No	NA	CENTER	JU3125
I	9740000	9750000	2	9745000	975	105	No	NA	CENTER	JU3125
I	9750000	9760000	0	9755000	976	105	No	NA	CENTER	JU3125
I	9760000	9770000	2	9765000	977	105	No	NA	CENTER	JU3125
I	9770000	9780000	0	9775000	978	105	No	NA	CENTER	JU3125
I	9780000	9790000	0	9785000	979	105	No	NA	CENTER	JU3125
I	9790000	9800000	1	9795000	980	105	No	NA	CENTER	JU3125
I	9800000	9810000	1	9805000	981	105	No	NA	CENTER	JU3125
I	9810000	9820000	2	9815000	982	105	No	NA	CENTER	JU3125
I	9820000	9830000	0	9825000	983	105	No	NA	CENTER	JU3125
I	9830000	9840000	0	9835000	984	105	No	NA	CENTER	JU3125
I	9840000	9850000	0	9845000	985	105	No	NA	CENTER	JU3125
I	9850000	9860000	0	9855000	986	105	No	NA	CENTER	JU3125
I	9860000	9870000	1	9865000	987	105	No	NA	CENTER	JU3125
I	9870000	9880000	0	9875000	988	105	No	NA	CENTER	JU3125
I	9880000	9890000	1	9885000	989	105	No	NA	CENTER	JU3125
I	9890000	9900000	0	9895000	990	105	No	NA	CENTER	JU3125
I	9900000	9910000	1	9905000	991	105	No	NA	CENTER	JU3125
I	9910000	9920000	1	9915000	992	105	No	NA	CENTER	JU3125
I	9920000	9930000	1	9925000	993	105	No	NA	CENTER	JU3125
I	9930000	9940000	1	9935000	994	105	No	NA	CENTER	JU3125
I	9940000	9950000	2	9945000	995	105	No	NA	CENTER	JU3125
I	9950000	9960000	0	9955000	996	105	No	NA	CENTER	JU3125
I	9960000	9970000	0	9965000	997	105	No	NA	CENTER	JU3125
I	9970000	9980000	1	9975000	998	105	No	NA	CENTER	JU3125
I	9980000	9990000	0	9985000	999	105	No	NA	CENTER	JU3125
I	9990000	10000000	0	9995000	1000	105	No	NA	CENTER	JU3125
I	10000000	10010000	1	10005000	1001	105	No	NA	CENTER	JU3125
I	10010000	10020000	1	10015000	1002	105	No	NA	CENTER	JU3125
I	10020000	10030000	0	10025000	1003	105	No	NA	CENTER	JU3125
I	10030000	10040000	0	10035000	1004	105	No	NA	CENTER	JU3125
I	10040000	10050000	1	10045000	1005	105	No	NA	CENTER	JU3125
I	10050000	10060000	1	10055000	1006	105	No	NA	CENTER	JU3125
I	10060000	10070000	0	10065000	1007	105	No	NA	CENTER	JU3125
I	10070000	10080000	0	10075000	1008	105	No	NA	CENTER	JU3125
I	10080000	10090000	1	10085000	1009	105	No	NA	CENTER	JU3125
I	10090000	10100000	1	10095000	1010	105	No	NA	CENTER	JU3125
I	10100000	10110000	0	10105000	1011	105	No	NA	CENTER	JU3125
I	10110000	10120000	2	10115000	1012	105	No	NA	CENTER	JU3125
I	10120000	10130000	2	10125000	1013	105	No	NA	CENTER	JU3125
I	10130000	10140000	2	10135000	1014	105	No	NA	CENTER	JU3125
I	10140000	10150000	1	10145000	1015	105	No	NA	CENTER	JU3125
I	10150000	10160000	0	10155000	1016	105	No	NA	CENTER	JU3125
I	10160000	10170000	0	10165000	1017	105	No	NA	CENTER	JU3125
I	10170000	10180000	1	10175000	1018	105	No	NA	CENTER	JU3125
I	10180000	10190000	0	10185000	1019	105	No	NA	CENTER	JU3125
I	10190000	10200000	0	10195000	1020	105	No	NA	CENTER	JU3125
I	10200000	10210000	1	10205000	1021	105	No	NA	CENTER	JU3125
I	10210000	10220000	0	10215000	1022	105	No	NA	CENTER	JU3125
I	10220000	10230000	1	10225000	1023	105	No	NA	CENTER	JU3125
I	10230000	10240000	2	10235000	1024	105	No	NA	CENTER	JU3125
I	10240000	10250000	0	10245000	1025	105	No	NA	CENTER	JU3125
I	10250000	10260000	0	10255000	1026	105	No	NA	CENTER	JU3125
I	10260000	10270000	1	10265000	1027	105	No	NA	CENTER	JU3125
I	10270000	10280000	1	10275000	1028	105	No	NA	CENTER	JU3125
I	10280000	10290000	0	10285000	1029	105	No	NA	CENTER	JU3125
I	10290000	10300000	0	10295000	1030	105	No	NA	CENTER	JU3125
I	10300000	10310000	3	10305000	1031	105	No	NA	CENTER	JU3125
I	10310000	10320000	13	10315000	1032	105	No	NA	CENTER	JU3125
I	10320000	10330000	1	10325000	1033	105	No	NA	CENTER	JU3125
I	10330000	10340000	0	10335000	1034	105	No	NA	CENTER	JU3125
I	10340000	10350000	0	10345000	1035	105	No	NA	CENTER	JU3125
I	10350000	10360000	0	10355000	1036	105	No	NA	CENTER	JU3125
I	10360000	10370000	0	10365000	1037	105	No	NA	CENTER	JU3125
I	10370000	10380000	0	10375000	1038	105	No	NA	CENTER	JU3125
I	10380000	10390000	0	10385000	1039	105	No	NA	CENTER	JU3125
I	10390000	10400000	1	10395000	1040	105	No	NA	CENTER	JU3125
I	10400000	10410000	1	10405000	1041	105	No	NA	CENTER	JU3125
I	10410000	10420000	2	10415000	1042	105	No	NA	CENTER	JU3125
I	10420000	10430000	2	10425000	1043	105	No	NA	CENTER	JU3125
I	10430000	10440000	1	10435000	1044	105	No	NA	CENTER	JU3125
I	10440000	10450000	0	10445000	1045	105	No	NA	CENTER	JU3125
I	10450000	10460000	0	10455000	1046	105	No	NA	CENTER	JU3125
I	10460000	10470000	2	10465000	1047	105	No	NA	CENTER	JU3125
I	10470000	10480000	0	10475000	1048	105	No	NA	CENTER	JU3125
I	10480000	10490000	0	10485000	1049	105	No	NA	CENTER	JU3125
I	10490000	10500000	0	10495000	1050	105	No	NA	CENTER	JU3125
I	10500000	10510000	0	10505000	1051	105	No	NA	CENTER	JU3125
I	10510000	10520000	0	10515000	1052	105	No	NA	CENTER	JU3125
I	10520000	10530000	0	10525000	1053	105	No	NA	CENTER	JU3125
I	10530000	10540000	0	10535000	1054	105	No	NA	CENTER	JU3125
I	10540000	10550000	0	10545000	1055	105	No	NA	CENTER	JU3125
I	10550000	10560000	0	10555000	1056	105	No	NA	CENTER	JU3125
I	10560000	10570000	0	10565000	1057	105	No	NA	CENTER	JU3125
I	10570000	10580000	1	10575000	1058	105	No	NA	CENTER	JU3125
I	10580000	10590000	0	10585000	1059	105	No	NA	CENTER	JU3125
I	10590000	10600000	0	10595000	1060	105	No	NA	CENTER	JU3125
I	10600000	10610000	0	10605000	1061	105	No	NA	CENTER	JU3125
I	10610000	10620000	0	10615000	1062	105	No	NA	CENTER	JU3125
I	10620000	10630000	1	10625000	1063	105	No	NA	CENTER	JU3125
I	10630000	10640000	1	10635000	1064	105	No	NA	CENTER	JU3125
I	10640000	10650000	0	10645000	1065	105	No	NA	CENTER	JU3125
I	10650000	10660000	1	10655000	1066	105	No	NA	CENTER	JU3125
I	10660000	10670000	1	10665000	1067	105	No	NA	CENTER	JU3125
I	10670000	10680000	0	10675000	1068	105	No	NA	CENTER	JU3125
I	10680000	10690000	0	10685000	1069	105	No	NA	CENTER	JU3125
I	10690000	10700000	0	10695000	1070	105	No	NA	CENTER	JU3125
I	10700000	10710000	0	10705000	1071	105	No	NA	CENTER	JU3125
I	10710000	10720000	0	10715000	1072	105	No	NA	CENTER	JU3125
I	10720000	10730000	1	10725000	1073	105	No	NA	CENTER	JU3125
I	10730000	10740000	0	10735000	1074	105	No	NA	CENTER	JU3125
I	10740000	10750000	0	10745000	1075	105	No	NA	CENTER	JU3125
I	10750000	10760000	1	10755000	1076	105	No	NA	CENTER	JU3125
I	10760000	10770000	0	10765000	1077	105	No	NA	CENTER	JU3125
I	10770000	10780000	1	10775000	1078	105	No	NA	CENTER	JU3125
I	10780000	10790000	1	10785000	1079	105	No	NA	CENTER	JU3125
I	10790000	10800000	2	10795000	1080	105	No	NA	CENTER	JU3125
I	10800000	10810000	0	10805000	1081	105	No	NA	CENTER	JU3125
I	10810000	10820000	1	10815000	1082	105	No	NA	CENTER	JU3125
I	10820000	10830000	0	10825000	1083	105	No	NA	CENTER	JU3125
I	10830000	10840000	1	10835000	1084	105	No	NA	CENTER	JU3125
I	10840000	10850000	0	10845000	1085	105	No	NA	CENTER	JU3125
I	10850000	10860000	0	10855000	1086	105	No	NA	CENTER	JU3125
I	10860000	10870000	0	10865000	1087	105	No	NA	CENTER	JU3125
I	10870000	10880000	2	10875000	1088	105	No	NA	CENTER	JU3125
I	10880000	10890000	0	10885000	1089	105	No	NA	CENTER	JU3125
I	10890000	10900000	1	10895000	1090	105	No	NA	CENTER	JU3125
I	10900000	10910000	0	10905000	1091	105	No	NA	CENTER	JU3125
I	10910000	10920000	0	10915000	1092	105	No	NA	CENTER	JU3125
I	10920000	10930000	1	10925000	1093	105	No	NA	CENTER	JU3125
I	10930000	10940000	0	10935000	1094	105	No	NA	CENTER	JU3125
I	10940000	10950000	31	10945000	1095	39	Yes	Up	CENTER	JU3125
I	10950000	10960000	13	10955000	1096	105	No	NA	CENTER	JU3125
I	10960000	10970000	1	10965000	1097	105	No	NA	CENTER	JU3125
I	10970000	10980000	1	10975000	1098	105	No	NA	CENTER	JU3125
I	10980000	10990000	0	10985000	1099	105	No	NA	CENTER	JU3125
I	10990000	11000000	17	10995000	1100	105	No	NA	CENTER	JU3125
I	11000000	11010000	1	11005000	1101	105	No	NA	CENTER	JU3125
I	11010000	11020000	0	11015000	1102	105	No	NA	CENTER	JU3125
I	11020000	11030000	0	11025000	1103	105	No	NA	CENTER	JU3125
I	11030000	11040000	1	11035000	1104	105	No	NA	CENTER	JU3125
I	11040000	11050000	3	11045000	1105	105	No	NA	RIGHT_ARM	JU3125
I	11050000	11060000	0	11055000	1106	105	No	NA	RIGHT_ARM	JU3125
I	11060000	11070000	0	11065000	1107	105	No	NA	RIGHT_ARM	JU3125
I	11070000	11080000	0	11075000	1108	105	No	NA	RIGHT_ARM	JU3125
I	11080000	11090000	1	11085000	1109	105	No	NA	RIGHT_ARM	JU3125
I	11090000	11100000	2	11095000	1110	105	No	NA	RIGHT_ARM	JU3125
I	11100000	11110000	1	11105000	1111	105	No	NA	RIGHT_ARM	JU3125
I	11110000	11120000	1	11115000	1112	105	No	NA	RIGHT_ARM	JU3125
I	11120000	11130000	0	11125000	1113	105	No	NA	RIGHT_ARM	JU3125
I	11130000	11140000	2	11135000	1114	105	No	NA	RIGHT_ARM	JU3125
I	11140000	11150000	1	11145000	1115	105	No	NA	RIGHT_ARM	JU3125
I	11150000	11160000	1	11155000	1116	105	No	NA	RIGHT_ARM	JU3125
I	11160000	11170000	0	11165000	1117	105	No	NA	RIGHT_ARM	JU3125
I	11170000	11180000	0	11175000	1118	105	No	NA	RIGHT_ARM	JU3125
I	11180000	11190000	0	11185000	1119	105	No	NA	RIGHT_ARM	JU3125
I	11190000	11200000	1	11195000	1120	105	No	NA	RIGHT_ARM	JU3125
I	11200000	11210000	0	11205000	1121	105	No	NA	RIGHT_ARM	JU3125
I	11210000	11220000	0	11215000	1122	105	No	NA	RIGHT_ARM	JU3125
I	11220000	11230000	1	11225000	1123	105	No	NA	RIGHT_ARM	JU3125
I	11230000	11240000	4	11235000	1124	105	No	NA	RIGHT_ARM	JU3125
I	11240000	11250000	1	11245000	1125	105	No	NA	RIGHT_ARM	JU3125
I	11250000	11260000	1	11255000	1126	105	No	NA	RIGHT_ARM	JU3125
I	11260000	11270000	3	11265000	1127	105	No	NA	RIGHT_ARM	JU3125
I	11270000	11280000	1	11275000	1128	105	No	NA	RIGHT_ARM	JU3125
I	11280000	11290000	7	11285000	1129	105	No	NA	RIGHT_ARM	JU3125
I	11290000	11300000	2	11295000	1130	105	No	NA	RIGHT_ARM	JU3125
I	11300000	11310000	0	11305000	1131	105	No	NA	RIGHT_ARM	JU3125
I	11310000	11320000	0	11315000	1132	105	No	NA	RIGHT_ARM	JU3125
I	11320000	11330000	11	11325000	1133	105	No	NA	RIGHT_ARM	JU3125
I	11330000	11340000	0	11335000	1134	105	No	NA	RIGHT_ARM	JU3125
I	11340000	11350000	0	11345000	1135	105	No	NA	RIGHT_ARM	JU3125
I	11350000	11360000	0	11355000	1136	105	No	NA	RIGHT_ARM	JU3125
I	11360000	11370000	2	11365000	1137	105	No	NA	RIGHT_ARM	JU3125
I	11370000	11380000	0	11375000	1138	105	No	NA	RIGHT_ARM	JU3125
I	11380000	11390000	1	11385000	1139	105	No	NA	RIGHT_ARM	JU3125
I	11390000	11400000	1	11395000	1140	105	No	NA	RIGHT_ARM	JU3125
I	11400000	11410000	1	11405000	1141	105	No	NA	RIGHT_ARM	JU3125
I	11410000	11420000	0	11415000	1142	105	No	NA	RIGHT_ARM	JU3125
I	11420000	11430000	0	11425000	1143	105	No	NA	RIGHT_ARM	JU3125
I	11430000	11440000	3	11435000	1144	105	No	NA	RIGHT_ARM	JU3125
I	11440000	11450000	0	11445000	1145	105	No	NA	RIGHT_ARM	JU3125
I	11450000	11460000	0	11455000	1146	105	No	NA	RIGHT_ARM	JU3125
I	11460000	11470000	0	11465000	1147	105	No	NA	RIGHT_ARM	JU3125
I	11470000	11480000	0	11475000	1148	105	No	NA	RIGHT_ARM	JU3125
I	11480000	11490000	0	11485000	1149	105	No	NA	RIGHT_ARM	JU3125
I	11490000	11500000	0	11495000	1150	105	No	NA	RIGHT_ARM	JU3125
I	11500000	11510000	0	11505000	1151	105	No	NA	RIGHT_ARM	JU3125
I	11510000	11520000	1	11515000	1152	105	No	NA	RIGHT_ARM	JU3125
I	11520000	11530000	2	11525000	1153	105	No	NA	RIGHT_ARM	JU3125
I	11530000	11540000	2	11535000	1154	105	No	NA	RIGHT_ARM	JU3125
I	11540000	11550000	1	11545000	1155	105	No	NA	RIGHT_ARM	JU3125
I	11550000	11560000	0	11555000	1156	105	No	NA	RIGHT_ARM	JU3125
I	11560000	11570000	0	11565000	1157	105	No	NA	RIGHT_ARM	JU3125
I	11570000	11580000	7	11575000	1158	105	No	NA	RIGHT_ARM	JU3125
I	11580000	11590000	2	11585000	1159	105	No	NA	RIGHT_ARM	JU3125
I	11590000	11600000	0	11595000	1160	105	No	NA	RIGHT_ARM	JU3125
I	11600000	11610000	1	11605000	1161	105	No	NA	RIGHT_ARM	JU3125
I	11610000	11620000	0	11615000	1162	105	No	NA	RIGHT_ARM	JU3125
I	11620000	11630000	23	11625000	1163	105	No	NA	RIGHT_ARM	JU3125
I	11630000	11640000	1	11635000	1164	105	No	NA	RIGHT_ARM	JU3125
I	11640000	11650000	1	11645000	1165	105	No	NA	RIGHT_ARM	JU3125
I	11650000	11660000	1	11655000	1166	105	No	NA	RIGHT_ARM	JU3125
I	11660000	11670000	1	11665000	1167	105	No	NA	RIGHT_ARM	JU3125
I	11670000	11680000	0	11675000	1168	105	No	NA	RIGHT_ARM	JU3125
I	11680000	11690000	0	11685000	1169	105	No	NA	RIGHT_ARM	JU3125
I	11690000	11700000	1	11695000	1170	105	No	NA	RIGHT_ARM	JU3125
I	11700000	11710000	1	11705000	1171	105	No	NA	RIGHT_ARM	JU3125
I	11710000	11720000	1	11715000	1172	105	No	NA	RIGHT_ARM	JU3125
I	11720000	11730000	0	11725000	1173	105	No	NA	RIGHT_ARM	JU3125
I	11730000	11740000	1	11735000	1174	105	No	NA	RIGHT_ARM	JU3125
I	11740000	11750000	0	11745000	1175	105	No	NA	RIGHT_ARM	JU3125
I	11750000	11760000	0	11755000	1176	105	No	NA	RIGHT_ARM	JU3125
I	11760000	11770000	1	11765000	1177	105	No	NA	RIGHT_ARM	JU3125
I	11770000	11780000	0	11775000	1178	105	No	NA	RIGHT_ARM	JU3125
I	11780000	11790000	1	11785000	1179	105	No	NA	RIGHT_ARM	JU3125
I	11790000	11800000	2	11795000	1180	105	No	NA	RIGHT_ARM	JU3125
I	11800000	11810000	1	11805000	1181	105	No	NA	RIGHT_ARM	JU3125
I	11810000	11820000	0	11815000	1182	105	No	NA	RIGHT_ARM	JU3125
I	11820000	11830000	1	11825000	1183	105	No	NA	RIGHT_ARM	JU3125
I	11830000	11840000	0	11835000	1184	105	No	NA	RIGHT_ARM	JU3125
I	11840000	11850000	2	11845000	1185	105	No	NA	RIGHT_ARM	JU3125
I	11850000	11860000	1	11855000	1186	105	No	NA	RIGHT_ARM	JU3125
I	11860000	11870000	2	11865000	1187	105	No	NA	RIGHT_ARM	JU3125
I	11870000	11880000	1	11875000	1188	105	No	NA	RIGHT_ARM	JU3125
I	11880000	11890000	1	11885000	1189	105	No	NA	RIGHT_ARM	JU3125
I	11890000	11900000	1	11895000	1190	105	No	NA	RIGHT_ARM	JU3125
I	11900000	11910000	0	11905000	1191	105	No	NA	RIGHT_ARM	JU3125
I	11910000	11920000	0	11915000	1192	105	No	NA	RIGHT_ARM	JU3125
I	11920000	11930000	0	11925000	1193	105	No	NA	RIGHT_ARM	JU3125
I	11930000	11940000	0	11935000	1194	105	No	NA	RIGHT_ARM	JU3125
I	11940000	11950000	1	11945000	1195	105	No	NA	RIGHT_ARM	JU3125
I	11950000	11960000	0	11955000	1196	105	No	NA	RIGHT_ARM	JU3125
I	11960000	11970000	1	11965000	1197	105	No	NA	RIGHT_ARM	JU3125
I	11970000	11980000	2	11975000	1198	105	No	NA	RIGHT_ARM	JU3125
I	11980000	11990000	1	11985000	1199	105	No	NA	RIGHT_ARM	JU3125
I	11990000	12000000	1	11995000	1200	105	No	NA	RIGHT_ARM	JU3125
I	12000000	12010000	1	12005000	1201	105	No	NA	RIGHT_ARM	JU3125
I	12010000	12020000	0	12015000	1202	105	No	NA	RIGHT_ARM	JU3125
I	12020000	12030000	0	12025000	1203	105	No	NA	RIGHT_ARM	JU3125
I	12030000	12040000	4	12035000	1204	105	No	NA	RIGHT_ARM	JU3125
I	12040000	12050000	0	12045000	1205	105	No	NA	RIGHT_ARM	JU3125
I	12050000	12060000	0	12055000	1206	105	No	NA	RIGHT_ARM	JU3125
I	12060000	12070000	0	12065000	1207	105	No	NA	RIGHT_ARM	JU3125
I	12070000	12080000	3	12075000	1208	105	No	NA	RIGHT_ARM	JU3125
I	12080000	12090000	0	12085000	1209	105	No	NA	RIGHT_ARM	JU3125
I	12090000	12100000	1	12095000	1210	105	No	NA	RIGHT_ARM	JU3125
I	12100000	12110000	0	12105000	1211	105	No	NA	RIGHT_ARM	JU3125
I	12110000	12120000	0	12115000	1212	105	No	NA	RIGHT_ARM	JU3125
I	12120000	12130000	0	12125000	1213	105	No	NA	RIGHT_ARM	JU3125
I	12130000	12140000	0	12135000	1214	105	No	NA	RIGHT_ARM	JU3125
I	12140000	12150000	0	12145000	1215	105	No	NA	RIGHT_ARM	JU3125
I	12150000	12160000	0	12155000	1216	105	No	NA	RIGHT_ARM	JU3125
I	12160000	12170000	0	12165000	1217	105	No	NA	RIGHT_ARM	JU3125
I	12170000	12180000	0	12175000	1218	105	No	NA	RIGHT_ARM	JU3125
I	12180000	12190000	1	12185000	1219	105	No	NA	RIGHT_ARM	JU3125
I	12190000	12200000	0	12195000	1220	105	No	NA	RIGHT_ARM	JU3125
I	12200000	12210000	0	12205000	1221	105	No	NA	RIGHT_ARM	JU3125
I	12210000	12220000	0	12215000	1222	105	No	NA	RIGHT_ARM	JU3125
I	12220000	12230000	1	12225000	1223	105	No	NA	RIGHT_ARM	JU3125
I	12230000	12240000	0	12235000	1224	105	No	NA	RIGHT_ARM	JU3125
I	12240000	12250000	0	12245000	1225	105	No	NA	RIGHT_ARM	JU3125
I	12250000	12260000	1	12255000	1226	105	No	NA	RIGHT_ARM	JU3125
I	12260000	12270000	1	12265000	1227	105	No	NA	RIGHT_ARM	JU3125
I	12270000	12280000	0	12275000	1228	105	No	NA	RIGHT_ARM	JU3125
I	12280000	12290000	1	12285000	1229	105	No	NA	RIGHT_ARM	JU3125
I	12290000	12300000	2	12295000	1230	105	No	NA	RIGHT_ARM	JU3125
I	12300000	12310000	0	12305000	1231	105	No	NA	RIGHT_ARM	JU3125
I	12310000	12320000	0	12315000	1232	105	No	NA	RIGHT_ARM	JU3125
I	12320000	12330000	0	12325000	1233	105	No	NA	RIGHT_ARM	JU3125
I	12330000	12340000	0	12335000	1234	105	No	NA	RIGHT_ARM	JU3125
I	12340000	12350000	2	12345000	1235	105	No	NA	RIGHT_ARM	JU3125
I	12350000	12360000	0	12355000	1236	105	No	NA	RIGHT_ARM	JU3125
I	12360000	12370000	0	12365000	1237	105	No	NA	RIGHT_ARM	JU3125
I	12370000	12380000	1	12375000	1238	105	No	NA	RIGHT_ARM	JU3125
I	12380000	12390000	0	12385000	1239	105	No	NA	RIGHT_ARM	JU3125
I	12390000	12400000	0	12395000	1240	105	No	NA	RIGHT_ARM	JU3125
I	12400000	12410000	0	12405000	1241	105	No	NA	RIGHT_ARM	JU3125
I	12410000	12420000	0	12415000	1242	105	No	NA	RIGHT_ARM	JU3125
I	12420000	12430000	0	12425000	1243	105	No	NA	RIGHT_ARM	JU3125
I	12430000	12440000	0	12435000	1244	105	No	NA	RIGHT_ARM	JU3125
I	12440000	12450000	0	12445000	1245	105	No	NA	RIGHT_ARM	JU3125
I	12450000	12460000	0	12455000	1246	105	No	NA	RIGHT_ARM	JU3125
I	12460000	12470000	0	12465000	1247	105	No	NA	RIGHT_ARM	JU3125
I	12470000	12480000	0	12475000	1248	105	No	NA	RIGHT_ARM	JU3125
I	12480000	12490000	1	12485000	1249	105	No	NA	RIGHT_ARM	JU3125
I	12490000	12500000	1	12495000	1250	105	No	NA	RIGHT_ARM	JU3125
I	12500000	12510000	0	12505000	1251	105	No	NA	RIGHT_ARM	JU3125
I	12510000	12520000	2	12515000	1252	105	No	NA	RIGHT_ARM	JU3125
I	12520000	12530000	0	12525000	1253	105	No	NA	RIGHT_ARM	JU3125
I	12530000	12540000	0	12535000	1254	105	No	NA	RIGHT_ARM	JU3125
I	12540000	12550000	1	12545000	1255	105	No	NA	RIGHT_ARM	JU3125
I	12550000	12560000	0	12555000	1256	105	No	NA	RIGHT_ARM	JU3125
I	12560000	12570000	1	12565000	1257	105	No	NA	RIGHT_ARM	JU3125
I	12570000	12580000	0	12575000	1258	105	No	NA	RIGHT_ARM	JU3125
I	12580000	12590000	1	12585000	1259	105	No	NA	RIGHT_ARM	JU3125
I	12590000	12600000	0	12595000	1260	105	No	NA	RIGHT_ARM	JU3125
I	12600000	12610000	1	12605000	1261	105	No	NA	RIGHT_ARM	JU3125
I	12610000	12620000	0	12615000	1262	105	No	NA	RIGHT_ARM	JU3125
I	12620000	12630000	1	12625000	1263	105	No	NA	RIGHT_ARM	JU3125
I	12630000	12640000	0	12635000	1264	105	No	NA	RIGHT_ARM	JU3125
I	12640000	12650000	1	12645000	1265	105	No	NA	RIGHT_ARM	JU3125
I	12650000	12660000	0	12655000	1266	105	No	NA	RIGHT_ARM	JU3125
I	12660000	12670000	0	12665000	1267	105	No	NA	RIGHT_ARM	JU3125
I	12670000	12680000	2	12675000	1268	105	No	NA	RIGHT_ARM	JU3125
I	12680000	12690000	0	12685000	1269	105	No	NA	RIGHT_ARM	JU3125
I	12690000	12700000	0	12695000	1270	105	No	NA	RIGHT_ARM	JU3125
I	12700000	12710000	9	12705000	1271	105	No	NA	RIGHT_ARM	JU3125
I	12710000	12720000	0	12715000	1272	105	No	NA	RIGHT_ARM	JU3125
I	12720000	12730000	2	12725000	1273	105	No	NA	RIGHT_ARM	JU3125
I	12730000	12740000	1	12735000	1274	105	No	NA	RIGHT_ARM	JU3125
I	12740000	12750000	1	12745000	1275	105	No	NA	RIGHT_ARM	JU3125
I	12750000	12760000	3	12755000	1276	105	No	NA	RIGHT_ARM	JU3125
I	12760000	12770000	0	12765000	1277	105	No	NA	RIGHT_ARM	JU3125
I	12770000	12780000	0	12775000	1278	105	No	NA	RIGHT_ARM	JU3125
I	12780000	12790000	18	12785000	1279	105	No	NA	RIGHT_ARM	JU3125
I	12790000	12800000	2	12795000	1280	105	No	NA	RIGHT_ARM	JU3125
I	12800000	12810000	0	12805000	1281	105	No	NA	RIGHT_ARM	JU3125
I	12810000	12820000	0	12815000	1282	105	No	NA	RIGHT_ARM	JU3125
I	12820000	12830000	0	12825000	1283	105	No	NA	RIGHT_ARM	JU3125
I	12830000	12840000	0	12835000	1284	105	No	NA	RIGHT_ARM	JU3125
I	12840000	12850000	0	12845000	1285	105	No	NA	RIGHT_ARM	JU3125
I	12850000	12860000	2	12855000	1286	105	No	NA	RIGHT_ARM	JU3125
I	12860000	12870000	1	12865000	1287	105	No	NA	RIGHT_ARM	JU3125
I	12870000	12880000	2	12875000	1288	105	No	NA	RIGHT_ARM	JU3125
I	12880000	12890000	1	12885000	1289	105	No	NA	RIGHT_ARM	JU3125
I	12890000	12900000	0	12895000	1290	105	No	NA	RIGHT_ARM	JU3125
I	12900000	12910000	2	12905000	1291	105	No	NA	RIGHT_ARM	JU3125
I	12910000	12920000	3	12915000	1292	105	No	NA	RIGHT_ARM	JU3125
I	12920000	12930000	0	12925000	1293	105	No	NA	RIGHT_ARM	JU3125
I	12930000	12940000	0	12935000	1294	105	No	NA	RIGHT_ARM	JU3125
I	12940000	12950000	0	12945000	1295	105	No	NA	RIGHT_ARM	JU3125
I	12950000	12960000	0	12955000	1296	105	No	NA	RIGHT_ARM	JU3125
I	12960000	12970000	1	12965000	1297	105	No	NA	RIGHT_ARM	JU3125
I	12970000	12980000	4	12975000	1298	105	No	NA	RIGHT_ARM	JU3125
I	12980000	12990000	0	12985000	1299	105	No	NA	RIGHT_ARM	JU3125
I	12990000	13000000	0	12995000	1300	105	No	NA	RIGHT_ARM	JU3125
I	13000000	13010000	0	13005000	1301	105	No	NA	RIGHT_ARM	JU3125
I	13010000	13020000	0	13015000	1302	105	No	NA	RIGHT_ARM	JU3125
I	13020000	13030000	2	13025000	1303	105	No	NA	RIGHT_ARM	JU3125
I	13030000	13040000	1	13035000	1304	105	No	NA	RIGHT_ARM	JU3125
I	13040000	13050000	0	13045000	1305	105	No	NA	RIGHT_ARM	JU3125
I	13050000	13060000	0	13055000	1306	105	No	NA	RIGHT_ARM	JU3125
I	13060000	13070000	0	13065000	1307	105	No	NA	RIGHT_ARM	JU3125
I	13070000	13080000	0	13075000	1308	105	No	NA	RIGHT_ARM	JU3125
I	13080000	13090000	16	13085000	1309	105	No	NA	RIGHT_ARM	JU3125
I	13090000	13100000	10	13095000	1310	105	No	NA	RIGHT_ARM	JU3125
I	13100000	13110000	0	13105000	1311	105	No	NA	RIGHT_ARM	JU3125
I	13110000	13120000	2	13115000	1312	105	No	NA	RIGHT_ARM	JU3125
I	13120000	13130000	0	13125000	1313	105	No	NA	RIGHT_ARM	JU3125
I	13130000	13140000	0	13135000	1314	105	No	NA	RIGHT_ARM	JU3125
I	13140000	13150000	1	13145000	1315	105	No	NA	RIGHT_ARM	JU3125
I	13150000	13160000	4	13155000	1316	105	No	NA	RIGHT_ARM	JU3125
I	13160000	13170000	0	13165000	1317	105	No	NA	RIGHT_ARM	JU3125
I	13170000	13180000	1	13175000	1318	105	No	NA	RIGHT_ARM	JU3125
I	13180000	13190000	1	13185000	1319	105	No	NA	RIGHT_ARM	JU3125
I	13190000	13200000	0	13195000	1320	105	No	NA	RIGHT_ARM	JU3125
I	13200000	13210000	0	13205000	1321	105	No	NA	RIGHT_ARM	JU3125
I	13210000	13220000	0	13215000	1322	105	No	NA	RIGHT_ARM	JU3125
I	13220000	13230000	2	13225000	1323	105	No	NA	RIGHT_ARM	JU3125
I	13230000	13240000	1	13235000	1324	105	No	NA	RIGHT_ARM	JU3125
I	13240000	13250000	2	13245000	1325	105	No	NA	RIGHT_ARM	JU3125
I	13250000	13260000	0	13255000	1326	105	No	NA	RIGHT_ARM	JU3125
I	13260000	13270000	0	13265000	1327	105	No	NA	RIGHT_ARM	JU3125
I	13270000	13280000	3	13275000	1328	105	No	NA	RIGHT_ARM	JU3125
I	13280000	13290000	1	13285000	1329	105	No	NA	RIGHT_ARM	JU3125
I	13290000	13300000	0	13295000	1330	105	No	NA	RIGHT_ARM	JU3125
I	13300000	13310000	0	13305000	1331	105	No	NA	RIGHT_ARM	JU3125
I	13310000	13320000	0	13315000	1332	105	No	NA	RIGHT_ARM	JU3125
I	13320000	13330000	1	13325000	1333	105	No	NA	RIGHT_ARM	JU3125
I	13330000	13340000	0	13335000	1334	105	No	NA	RIGHT_ARM	JU3125
I	13340000	13350000	2	13345000	1335	105	No	NA	RIGHT_ARM	JU3125
I	13350000	13360000	0	13355000	1336	105	No	NA	RIGHT_ARM	JU3125
I	13360000	13370000	2	13365000	1337	105	No	NA	RIGHT_ARM	JU3125
I	13370000	13380000	0	13375000	1338	105	No	NA	RIGHT_ARM	JU3125
I	13380000	13390000	1	13385000	1339	105	No	NA	RIGHT_ARM	JU3125
I	13390000	13400000	0	13395000	1340	105	No	NA	RIGHT_ARM	JU3125
I	13400000	13410000	0	13405000	1341	105	No	NA	RIGHT_ARM	JU3125
I	13410000	13420000	0	13415000	1342	105	No	NA	RIGHT_ARM	JU3125
I	13420000	13430000	0	13425000	1343	105	No	NA	RIGHT_ARM	JU3125
I	13430000	13440000	0	13435000	1344	105	No	NA	RIGHT_ARM	JU3125
I	13440000	13450000	0	13445000	1345	105	No	NA	RIGHT_ARM	JU3125
I	13450000	13460000	0	13455000	1346	105	No	NA	RIGHT_ARM	JU3125
I	13460000	13470000	0	13465000	1347	105	No	NA	RIGHT_ARM	JU3125
I	13470000	13480000	1	13475000	1348	105	No	NA	RIGHT_ARM	JU3125
I	13480000	13490000	0	13485000	1349	105	No	NA	RIGHT_ARM	JU3125
I	13490000	13500000	4	13495000	1350	105	No	NA	RIGHT_ARM	JU3125
I	13500000	13510000	0	13505000	1351	105	No	NA	RIGHT_ARM	JU3125
I	13510000	13520000	0	13515000	1352	105	No	NA	RIGHT_ARM	JU3125
I	13520000	13530000	2	13525000	1353	105	No	NA	RIGHT_ARM	JU3125
I	13530000	13540000	0	13535000	1354	105	No	NA	RIGHT_ARM	JU3125
I	13540000	13550000	1	13545000	1355	105	No	NA	RIGHT_ARM	JU3125
I	13550000	13560000	1	13555000	1356	105	No	NA	RIGHT_ARM	JU3125
I	13560000	13570000	0	13565000	1357	105	No	NA	RIGHT_ARM	JU3125
I	13570000	13580000	0	13575000	1358	105	No	NA	RIGHT_ARM	JU3125
I	13580000	13590000	1	13585000	1359	105	No	NA	RIGHT_ARM	JU3125
I	13590000	13600000	0	13595000	1360	105	No	NA	RIGHT_ARM	JU3125
I	13600000	13610000	1	13605000	1361	105	No	NA	RIGHT_ARM	JU3125
I	13610000	13620000	6	13615000	1362	105	No	NA	RIGHT_ARM	JU3125
I	13620000	13630000	1	13625000	1363	105	No	NA	RIGHT_ARM	JU3125
I	13630000	13640000	0	13635000	1364	105	No	NA	RIGHT_ARM	JU3125
I	13640000	13650000	1	13645000	1365	105	No	NA	RIGHT_ARM	JU3125
I	13650000	13660000	1	13655000	1366	105	No	NA	RIGHT_ARM	JU3125
I	13660000	13670000	0	13665000	1367	105	No	NA	RIGHT_ARM	JU3125
I	13670000	13680000	0	13675000	1368	105	No	NA	RIGHT_ARM	JU3125
I	13680000	13690000	3	13685000	1369	105	No	NA	RIGHT_ARM	JU3125
I	13690000	13700000	0	13695000	1370	105	No	NA	RIGHT_ARM	JU3125
I	13700000	13710000	1	13705000	1371	105	No	NA	RIGHT_ARM	JU3125
I	13710000	13720000	0	13715000	1372	105	No	NA	RIGHT_ARM	JU3125
I	13720000	13730000	0	13725000	1373	105	No	NA	RIGHT_ARM	JU3125
I	13730000	13740000	4	13735000	1374	105	No	NA	RIGHT_ARM	JU3125
I	13740000	13750000	0	13745000	1375	105	No	NA	RIGHT_ARM	JU3125
I	13750000	13760000	0	13755000	1376	105	No	NA	RIGHT_ARM	JU3125
I	13760000	13770000	1	13765000	1377	105	No	NA	RIGHT_ARM	JU3125
I	13770000	13780000	0	13775000	1378	105	No	NA	RIGHT_ARM	JU3125
I	13780000	13790000	0	13785000	1379	105	No	NA	RIGHT_ARM	JU3125
I	13790000	13800000	0	13795000	1380	105	No	NA	RIGHT_ARM	JU3125
I	13800000	13810000	0	13805000	1381	105	No	NA	RIGHT_ARM	JU3125
I	13810000	13820000	4	13815000	1382	105	No	NA	RIGHT_ARM	JU3125
I	13820000	13830000	0	13825000	1383	105	No	NA	RIGHT_ARM	JU3125
I	13830000	13840000	0	13835000	1384	105	No	NA	RIGHT_ARM	JU3125
I	13840000	13850000	0	13845000	1385	105	No	NA	RIGHT_ARM	JU3125
I	13850000	13860000	2	13855000	1386	105	No	NA	RIGHT_ARM	JU3125
I	13860000	13870000	1	13865000	1387	105	No	NA	RIGHT_ARM	JU3125
I	13870000	13880000	1	13875000	1388	105	No	NA	RIGHT_ARM	JU3125
I	13880000	13890000	0	13885000	1389	105	No	NA	RIGHT_ARM	JU3125
I	13890000	13900000	0	13895000	1390	105	No	NA	RIGHT_ARM	JU3125
I	13900000	13910000	0	13905000	1391	105	No	NA	RIGHT_ARM	JU3125
I	13910000	13920000	1	13915000	1392	105	No	NA	RIGHT_ARM	JU3125
I	13920000	13930000	0	13925000	1393	105	No	NA	RIGHT_ARM	JU3125
I	13930000	13940000	0	13935000	1394	105	No	NA	RIGHT_ARM	JU3125
I	13940000	13950000	1	13945000	1395	105	No	NA	RIGHT_ARM	JU3125
I	13950000	13960000	2	13955000	1396	105	No	NA	RIGHT_ARM	JU3125
I	13960000	13970000	0	13965000	1397	105	No	NA	RIGHT_ARM	JU3125
I	13970000	13980000	1	13975000	1398	105	No	NA	RIGHT_ARM	JU3125
I	13980000	13990000	0	13985000	1399	105	No	NA	RIGHT_ARM	JU3125
I	13990000	14000000	0	13995000	1400	105	No	NA	RIGHT_ARM	JU3125
I	14000000	14010000	7	14005000	1401	105	No	NA	RIGHT_ARM	JU3125
I	14010000	14020000	0	14015000	1402	105	No	NA	RIGHT_ARM	JU3125
I	14020000	14030000	0	14025000	1403	105	No	NA	RIGHT_ARM	JU3125
I	14030000	14040000	0	14035000	1404	105	No	NA	RIGHT_ARM	JU3125
I	14040000	14050000	1	14045000	1405	105	No	NA	RIGHT_ARM	JU3125
I	14050000	14060000	0	14055000	1406	105	No	NA	RIGHT_ARM	JU3125
I	14060000	14070000	0	14065000	1407	105	No	NA	RIGHT_ARM	JU3125
I	14070000	14080000	1	14075000	1408	105	No	NA	RIGHT_ARM	JU3125
I	14080000	14090000	1	14085000	1409	105	No	NA	RIGHT_ARM	JU3125
I	14090000	14100000	0	14095000	1410	105	No	NA	RIGHT_ARM	JU3125
I	14100000	14110000	0	14105000	1411	105	No	NA	RIGHT_ARM	JU3125
I	14110000	14120000	1	14115000	1412	105	No	NA	RIGHT_ARM	JU3125
I	14120000	14130000	3	14125000	1413	105	No	NA	RIGHT_ARM	JU3125
I	14130000	14140000	3	14135000	1414	105	No	NA	RIGHT_ARM	JU3125
I	14140000	14150000	5	14145000	1415	105	No	NA	RIGHT_ARM	JU3125
I	14150000	14160000	0	14155000	1416	105	No	NA	RIGHT_ARM	JU3125
I	14160000	14170000	1	14165000	1417	105	No	NA	RIGHT_ARM	JU3125
I	14170000	14180000	3	14175000	1418	105	No	NA	RIGHT_ARM	JU3125
I	14180000	14190000	0	14185000	1419	105	No	NA	RIGHT_ARM	JU3125
I	14190000	14200000	0	14195000	1420	105	No	NA	RIGHT_ARM	JU3125
I	14200000	14210000	0	14205000	1421	105	No	NA	RIGHT_ARM	JU3125
I	14210000	14220000	1	14215000	1422	105	No	NA	RIGHT_ARM	JU3125
I	14220000	14230000	0	14225000	1423	105	No	NA	RIGHT_ARM	JU3125
I	14230000	14240000	1	14235000	1424	105	No	NA	RIGHT_ARM	JU3125
I	14240000	14250000	0	14245000	1425	105	No	NA	RIGHT_ARM	JU3125
I	14250000	14260000	0	14255000	1426	105	No	NA	RIGHT_ARM	JU3125
I	14260000	14270000	0	14265000	1427	105	No	NA	RIGHT_ARM	JU3125
I	14270000	14280000	1	14275000	1428	105	No	NA	RIGHT_ARM	JU3125
I	14280000	14290000	0	14285000	1429	105	No	NA	RIGHT_ARM	JU3125
I	14290000	14300000	0	14295000	1430	105	No	NA	RIGHT_ARM	JU3125
I	14300000	14310000	0	14305000	1431	105	No	NA	RIGHT_ARM	JU3125
I	14310000	14320000	1	14315000	1432	105	No	NA	RIGHT_ARM	JU3125
I	14320000	14330000	5	14325000	1433	105	No	NA	RIGHT_ARM	JU3125
I	14330000	14340000	1	14335000	1434	105	No	NA	RIGHT_ARM	JU3125
I	14340000	14350000	2	14345000	1435	105	No	NA	RIGHT_ARM	JU3125
I	14350000	14360000	6	14355000	1436	105	No	NA	RIGHT_ARM	JU3125
I	14360000	14370000	4	14365000	1437	105	No	NA	RIGHT_ARM	JU3125
I	14370000	14380000	0	14375000	1438	105	No	NA	RIGHT_ARM	JU3125
I	14380000	14390000	1	14385000	1439	105	No	NA	RIGHT_ARM	JU3125
I	14390000	14400000	0	14395000	1440	105	No	NA	RIGHT_ARM	JU3125
I	14400000	14410000	0	14405000	1441	105	No	NA	RIGHT_ARM	JU3125
I	14410000	14420000	1	14415000	1442	105	No	NA	RIGHT_ARM	JU3125
I	14420000	14430000	1	14425000	1443	105	No	NA	RIGHT_ARM	JU3125
I	14430000	14440000	0	14435000	1444	105	No	NA	RIGHT_ARM	JU3125
I	14440000	14450000	1	14445000	1445	105	No	NA	RIGHT_ARM	JU3125
I	14450000	14460000	1	14455000	1446	105	No	NA	RIGHT_ARM	JU3125
I	14460000	14470000	0	14465000	1447	105	No	NA	RIGHT_ARM	JU3125
I	14470000	14480000	1	14475000	1448	105	No	NA	RIGHT_ARM	JU3125
I	14480000	14490000	1	14485000	1449	105	No	NA	RIGHT_ARM	JU3125
I	14490000	14500000	0	14495000	1450	105	No	NA	RIGHT_ARM	JU3125
I	14500000	14510000	1	14505000	1451	105	No	NA	RIGHT_ARM	JU3125
I	14510000	14520000	0	14515000	1452	105	No	NA	RIGHT_ARM	JU3125
I	14520000	14530000	1	14525000	1453	105	No	NA	RIGHT_ARM	JU3125
I	14530000	14540000	1	14535000	1454	105	No	NA	RIGHT_ARM	JU3125
I	14540000	14550000	0	14545000	1455	105	No	NA	RIGHT_ARM	JU3125
I	14550000	14560000	0	14555000	1456	105	No	NA	RIGHT_ARM	JU3125
I	14560000	14570000	1	14565000	1457	105	No	NA	RIGHT_ARM	JU3125
I	14570000	14580000	1	14575000	1458	105	No	NA	RIGHT_ARM	JU3125
I	14580000	14590000	0	14585000	1459	105	No	NA	RIGHT_ARM	JU3125
I	14590000	14600000	0	14595000	1460	105	No	NA	RIGHT_ARM	JU3125
I	14600000	14610000	0	14605000	1461	105	No	NA	RIGHT_ARM	JU3125
I	14610000	14620000	1	14615000	1462	105	No	NA	RIGHT_ARM	JU3125
I	14620000	14630000	0	14625000	1463	105	No	NA	RIGHT_ARM	JU3125
I	14630000	14640000	0	14635000	1464	105	No	NA	RIGHT_ARM	JU3125
I	14640000	14650000	0	14645000	1465	105	No	NA	RIGHT_ARM	JU3125
I	14650000	14660000	1	14655000	1466	105	No	NA	RIGHT_ARM	JU3125
I	14660000	14670000	0	14665000	1467	105	No	NA	RIGHT_ARM	JU3125
I	14670000	14680000	1	14675000	1468	105	No	NA	RIGHT_ARM	JU3125
I	14680000	14690000	3	14685000	1469	105	No	NA	RIGHT_ARM	JU3125
I	14690000	14700000	0	14695000	1470	105	No	NA	RIGHT_ARM	JU3125
I	14700000	14710000	0	14705000	1471	105	No	NA	RIGHT_ARM	JU3125
I	14710000	14720000	0	14715000	1472	105	No	NA	RIGHT_ARM	JU3125
I	14720000	14730000	1	14725000	1473	105	No	NA	RIGHT_ARM	JU3125
I	14730000	14740000	1	14735000	1474	105	No	NA	RIGHT_ARM	JU3125
I	14740000	14750000	0	14745000	1475	105	No	NA	RIGHT_ARM	JU3125
I	14750000	14760000	0	14755000	1476	105	No	NA	RIGHT_ARM	JU3125
I	14760000	14770000	0	14765000	1477	105	No	NA	RIGHT_ARM	JU3125
I	14770000	14780000	1	14775000	1478	105	No	NA	RIGHT_ARM	JU3125
I	14780000	14790000	0	14785000	1479	105	No	NA	RIGHT_ARM	JU3125
I	14790000	14800000	0	14795000	1480	105	No	NA	RIGHT_ARM	JU3125
I	14800000	14810000	2	14805000	1481	105	No	NA	RIGHT_ARM	JU3125
I	14810000	14820000	0	14815000	1482	105	No	NA	RIGHT_ARM	JU3125
I	14820000	14830000	9	14825000	1483	105	No	NA	RIGHT_ARM	JU3125
I	14830000	14840000	0	14835000	1484	105	No	NA	RIGHT_ARM	JU3125
I	14840000	14850000	0	14845000	1485	105	No	NA	RIGHT_ARM	JU3125
I	14850000	14860000	0	14855000	1486	105	No	NA	RIGHT_ARM	JU3125
I	14860000	14870000	0	14865000	1487	105	No	NA	RIGHT_ARM	JU3125
I	14870000	14880000	2	14875000	1488	105	No	NA	Telomeric	JU3125
I	14880000	14890000	0	14885000	1489	105	No	NA	Telomeric	JU3125
I	14890000	14900000	0	14895000	1490	105	No	NA	Telomeric	JU3125
I	14900000	14910000	1	14905000	1491	105	No	NA	Telomeric	JU3125
I	14910000	14920000	0	14915000	1492	105	No	NA	Telomeric	JU3125
I	14920000	14930000	1	14925000	1493	105	No	NA	Telomeric	JU3125
I	14930000	14940000	0	14935000	1494	105	No	NA	Telomeric	JU3125
I	14940000	14950000	2	14945000	1495	105	No	NA	Telomeric	JU3125
I	14950000	14960000	0	14955000	1496	105	No	NA	Telomeric	JU3125
I	14960000	14970000	0	14965000	1497	105	No	NA	Telomeric	JU3125
I	14970000	14980000	0	14975000	1498	105	No	NA	Telomeric	JU3125
I	14980000	14990000	2	14985000	1499	105	No	NA	Telomeric	JU3125
I	14990000	15000000	0	14995000	1500	105	No	NA	Telomeric	JU3125
I	15000000	15010000	0	15005000	1501	105	No	NA	Telomeric	JU3125
I	15010000	15020000	1	15015000	1502	105	No	NA	Telomeric	JU3125
I	15020000	15030000	0	15025000	1503	105	No	NA	Telomeric	JU3125
I	15030000	15040000	0	15035000	1504	105	No	NA	Telomeric	JU3125
I	15040000	15050000	0	15045000	1505	105	No	NA	Telomeric	JU3125
I	15050000	15060000	0	15055000	1506	105	No	NA	Telomeric	JU3125
I	15060000	15070000	0	15065000	1507	105	No	NA	Telomeric	JU3125
I	15070000	15072434	0	15071217	1508	105	No	NA	Telomeric	JU3125
II	0	10000	1	5000	1	105	No	NA	Telomeric	JU3125
II	10000	20000	0	15000	2	105	No	NA	Telomeric	JU3125
II	20000	30000	1	25000	3	105	No	NA	Telomeric	JU3125
II	30000	40000	1	35000	4	105	No	NA	Telomeric	JU3125
II	40000	50000	0	45000	5	105	No	NA	Telomeric	JU3125
II	50000	60000	0	55000	6	105	No	NA	Telomeric	JU3125
II	60000	70000	1	65000	7	105	No	NA	Telomeric	JU3125
II	70000	80000	0	75000	8	105	No	NA	Telomeric	JU3125
II	80000	90000	0	85000	9	105	No	NA	Telomeric	JU3125
II	90000	100000	0	95000	10	105	No	NA	Telomeric	JU3125
II	100000	110000	0	105000	11	105	No	NA	Telomeric	JU3125
II	110000	120000	0	115000	12	105	No	NA	Telomeric	JU3125
II	120000	130000	0	125000	13	105	No	NA	Telomeric	JU3125
II	130000	140000	0	135000	14	105	No	NA	Telomeric	JU3125
II	140000	150000	1	145000	15	105	No	NA	Telomeric	JU3125
II	150000	160000	1	155000	16	105	No	NA	Telomeric	JU3125
II	160000	170000	0	165000	17	105	No	NA	Telomeric	JU3125
II	170000	180000	0	175000	18	105	No	NA	Telomeric	JU3125
II	180000	190000	0	185000	19	105	No	NA	Telomeric	JU3125
II	190000	200000	0	195000	20	105	No	NA	Telomeric	JU3125
II	200000	210000	0	205000	21	105	No	NA	Telomeric	JU3125
II	210000	220000	0	215000	22	105	No	NA	Telomeric	JU3125
II	220000	230000	0	225000	23	105	No	NA	Telomeric	JU3125
II	230000	240000	1	235000	24	105	No	NA	Telomeric	JU3125
II	240000	250000	0	245000	25	105	No	NA	Telomeric	JU3125
II	250000	260000	1	255000	26	105	No	NA	Telomeric	JU3125
II	260000	270000	0	265000	27	105	No	NA	Telomeric	JU3125
II	270000	280000	0	275000	28	105	No	NA	Telomeric	JU3125
II	280000	290000	0	285000	29	105	No	NA	Telomeric	JU3125
II	290000	300000	0	295000	30	105	No	NA	Telomeric	JU3125
II	300000	310000	0	305000	31	105	No	NA	Telomeric	JU3125
II	310000	320000	1	315000	32	105	No	NA	LEFT_ARM	JU3125
II	320000	330000	0	325000	33	105	No	NA	LEFT_ARM	JU3125
II	330000	340000	0	335000	34	105	No	NA	LEFT_ARM	JU3125
II	340000	350000	0	345000	35	105	No	NA	LEFT_ARM	JU3125
II	350000	360000	0	355000	36	105	No	NA	LEFT_ARM	JU3125
II	360000	370000	0	365000	37	105	No	NA	LEFT_ARM	JU3125
II	370000	380000	0	375000	38	105	No	NA	LEFT_ARM	JU3125
II	380000	390000	0	385000	39	105	No	NA	LEFT_ARM	JU3125
II	390000	400000	1	395000	40	105	No	NA	LEFT_ARM	JU3125
II	400000	410000	0	405000	41	105	No	NA	LEFT_ARM	JU3125
II	410000	420000	1	415000	42	105	No	NA	LEFT_ARM	JU3125
II	420000	430000	0	425000	43	105	No	NA	LEFT_ARM	JU3125
II	430000	440000	2	435000	44	105	No	NA	LEFT_ARM	JU3125
II	440000	450000	1	445000	45	105	No	NA	LEFT_ARM	JU3125
II	450000	460000	1	455000	46	105	No	NA	LEFT_ARM	JU3125
II	460000	470000	0	465000	47	105	No	NA	LEFT_ARM	JU3125
II	470000	480000	0	475000	48	105	No	NA	LEFT_ARM	JU3125
II	480000	490000	0	485000	49	105	No	NA	LEFT_ARM	JU3125
II	490000	500000	0	495000	50	105	No	NA	LEFT_ARM	JU3125
II	500000	510000	1	505000	51	105	No	NA	LEFT_ARM	JU3125
II	510000	520000	4	515000	52	105	No	NA	LEFT_ARM	JU3125
II	520000	530000	0	525000	53	105	No	NA	LEFT_ARM	JU3125
II	530000	540000	2	535000	54	105	No	NA	LEFT_ARM	JU3125
II	540000	550000	1	545000	55	105	No	NA	LEFT_ARM	JU3125
II	550000	560000	0	555000	56	105	No	NA	LEFT_ARM	JU3125
II	560000	570000	0	565000	57	105	No	NA	LEFT_ARM	JU3125
II	570000	580000	0	575000	58	105	No	NA	LEFT_ARM	JU3125
II	580000	590000	0	585000	59	105	No	NA	LEFT_ARM	JU3125
II	590000	600000	0	595000	60	105	No	NA	LEFT_ARM	JU3125
II	600000	610000	0	605000	61	105	No	NA	LEFT_ARM	JU3125
II	610000	620000	0	615000	62	105	No	NA	LEFT_ARM	JU3125
II	620000	630000	0	625000	63	105	No	NA	LEFT_ARM	JU3125
II	630000	640000	0	635000	64	105	No	NA	LEFT_ARM	JU3125
II	640000	650000	0	645000	65	105	No	NA	LEFT_ARM	JU3125
II	650000	660000	1	655000	66	105	No	NA	LEFT_ARM	JU3125
II	660000	670000	0	665000	67	105	No	NA	LEFT_ARM	JU3125
II	670000	680000	1	675000	68	105	No	NA	LEFT_ARM	JU3125
II	680000	690000	0	685000	69	105	No	NA	LEFT_ARM	JU3125
II	690000	700000	12	695000	70	105	No	NA	LEFT_ARM	JU3125
II	700000	710000	0	705000	71	105	No	NA	LEFT_ARM	JU3125
II	710000	720000	0	715000	72	105	No	NA	LEFT_ARM	JU3125
II	720000	730000	6	725000	73	105	No	NA	LEFT_ARM	JU3125
II	730000	740000	1	735000	74	105	No	NA	LEFT_ARM	JU3125
II	740000	750000	0	745000	75	105	No	NA	LEFT_ARM	JU3125
II	750000	760000	2	755000	76	105	No	NA	LEFT_ARM	JU3125
II	760000	770000	0	765000	77	105	No	NA	LEFT_ARM	JU3125
II	770000	780000	2	775000	78	105	No	NA	LEFT_ARM	JU3125
II	780000	790000	2	785000	79	105	No	NA	LEFT_ARM	JU3125
II	790000	800000	0	795000	80	105	No	NA	LEFT_ARM	JU3125
II	800000	810000	1	805000	81	105	No	NA	LEFT_ARM	JU3125
II	810000	820000	0	815000	82	105	No	NA	LEFT_ARM	JU3125
II	820000	830000	0	825000	83	105	No	NA	LEFT_ARM	JU3125
II	830000	840000	0	835000	84	105	No	NA	LEFT_ARM	JU3125
II	840000	850000	1	845000	85	105	No	NA	LEFT_ARM	JU3125
II	850000	860000	0	855000	86	105	No	NA	LEFT_ARM	JU3125
II	860000	870000	0	865000	87	105	No	NA	LEFT_ARM	JU3125
II	870000	880000	1	875000	88	105	No	NA	LEFT_ARM	JU3125
II	880000	890000	0	885000	89	105	No	NA	LEFT_ARM	JU3125
II	890000	900000	0	895000	90	105	No	NA	LEFT_ARM	JU3125
II	900000	910000	1	905000	91	105	No	NA	LEFT_ARM	JU3125
II	910000	920000	32	915000	92	105	No	NA	LEFT_ARM	JU3125
II	920000	930000	0	925000	93	105	No	NA	LEFT_ARM	JU3125
II	930000	940000	0	935000	94	105	No	NA	LEFT_ARM	JU3125
II	940000	950000	1	945000	95	105	No	NA	LEFT_ARM	JU3125
II	950000	960000	1	955000	96	105	No	NA	LEFT_ARM	JU3125
II	960000	970000	0	965000	97	105	No	NA	LEFT_ARM	JU3125
II	970000	980000	0	975000	98	105	No	NA	LEFT_ARM	JU3125
II	980000	990000	0	985000	99	105	No	NA	LEFT_ARM	JU3125
II	990000	1000000	2	995000	100	105	No	NA	LEFT_ARM	JU3125
II	1000000	1010000	1	1005000	101	105	No	NA	LEFT_ARM	JU3125
II	1010000	1020000	0	1015000	102	105	No	NA	LEFT_ARM	JU3125
II	1020000	1030000	0	1025000	103	105	No	NA	LEFT_ARM	JU3125
II	1030000	1040000	1	1035000	104	105	No	NA	LEFT_ARM	JU3125
II	1040000	1050000	0	1045000	105	105	No	NA	LEFT_ARM	JU3125
II	1050000	1060000	0	1055000	106	105	No	NA	LEFT_ARM	JU3125
II	1060000	1070000	0	1065000	107	105	No	NA	LEFT_ARM	JU3125
II	1070000	1080000	3	1075000	108	105	No	NA	LEFT_ARM	JU3125
II	1080000	1090000	7	1085000	109	105	No	NA	LEFT_ARM	JU3125
II	1090000	1100000	0	1095000	110	105	No	NA	LEFT_ARM	JU3125
II	1100000	1110000	2	1105000	111	105	No	NA	LEFT_ARM	JU3125
II	1110000	1120000	1	1115000	112	105	No	NA	LEFT_ARM	JU3125
II	1120000	1130000	1	1125000	113	105	No	NA	LEFT_ARM	JU3125
II	1130000	1140000	1	1135000	114	105	No	NA	LEFT_ARM	JU3125
II	1140000	1150000	1	1145000	115	105	No	NA	LEFT_ARM	JU3125
II	1150000	1160000	0	1155000	116	105	No	NA	LEFT_ARM	JU3125
II	1160000	1170000	1	1165000	117	105	No	NA	LEFT_ARM	JU3125
II	1170000	1180000	1	1175000	118	105	No	NA	LEFT_ARM	JU3125
II	1180000	1190000	0	1185000	119	105	No	NA	LEFT_ARM	JU3125
II	1190000	1200000	2	1195000	120	105	No	NA	LEFT_ARM	JU3125
II	1200000	1210000	2	1205000	121	105	No	NA	LEFT_ARM	JU3125
II	1210000	1220000	2	1215000	122	105	No	NA	LEFT_ARM	JU3125
II	1220000	1230000	1	1225000	123	105	No	NA	LEFT_ARM	JU3125
II	1230000	1240000	1	1235000	124	105	No	NA	LEFT_ARM	JU3125
II	1240000	1250000	0	1245000	125	105	No	NA	LEFT_ARM	JU3125
II	1250000	1260000	1	1255000	126	105	No	NA	LEFT_ARM	JU3125
II	1260000	1270000	0	1265000	127	105	No	NA	LEFT_ARM	JU3125
II	1270000	1280000	1	1275000	128	105	No	NA	LEFT_ARM	JU3125
II	1280000	1290000	0	1285000	129	105	No	NA	LEFT_ARM	JU3125
II	1290000	1300000	6	1295000	130	105	No	NA	LEFT_ARM	JU3125
II	1300000	1310000	0	1305000	131	105	No	NA	LEFT_ARM	JU3125
II	1310000	1320000	0	1315000	132	105	No	NA	LEFT_ARM	JU3125
II	1320000	1330000	3	1325000	133	105	No	NA	LEFT_ARM	JU3125
II	1330000	1340000	0	1335000	134	105	No	NA	LEFT_ARM	JU3125
II	1340000	1350000	2	1345000	135	105	No	NA	LEFT_ARM	JU3125
II	1350000	1360000	0	1355000	136	105	No	NA	LEFT_ARM	JU3125
II	1360000	1370000	1	1365000	137	105	No	NA	LEFT_ARM	JU3125
II	1370000	1380000	3	1375000	138	105	No	NA	LEFT_ARM	JU3125
II	1380000	1390000	1	1385000	139	105	No	NA	LEFT_ARM	JU3125
II	1390000	1400000	0	1395000	140	105	No	NA	LEFT_ARM	JU3125
II	1400000	1410000	0	1405000	141	105	No	NA	LEFT_ARM	JU3125
II	1410000	1420000	0	1415000	142	105	No	NA	LEFT_ARM	JU3125
II	1420000	1430000	1	1425000	143	105	No	NA	LEFT_ARM	JU3125
II	1430000	1440000	29	1435000	144	105	No	NA	LEFT_ARM	JU3125
II	1440000	1450000	0	1445000	145	105	No	NA	LEFT_ARM	JU3125
II	1450000	1460000	13	1455000	146	105	No	NA	LEFT_ARM	JU3125
II	1460000	1470000	0	1465000	147	105	No	NA	LEFT_ARM	JU3125
II	1470000	1480000	2	1475000	148	105	No	NA	LEFT_ARM	JU3125
II	1480000	1490000	0	1485000	149	105	No	NA	LEFT_ARM	JU3125
II	1490000	1500000	0	1495000	150	105	No	NA	LEFT_ARM	JU3125
II	1500000	1510000	1	1505000	151	105	No	NA	LEFT_ARM	JU3125
II	1510000	1520000	0	1515000	152	105	No	NA	LEFT_ARM	JU3125
II	1520000	1530000	0	1525000	153	105	No	NA	LEFT_ARM	JU3125
II	1530000	1540000	0	1535000	154	105	No	NA	LEFT_ARM	JU3125
II	1540000	1550000	1	1545000	155	105	No	NA	LEFT_ARM	JU3125
II	1550000	1560000	0	1555000	156	105	No	NA	LEFT_ARM	JU3125
II	1560000	1570000	1	1565000	157	105	No	NA	LEFT_ARM	JU3125
II	1570000	1580000	0	1575000	158	105	No	NA	LEFT_ARM	JU3125
II	1580000	1590000	1	1585000	159	105	No	NA	LEFT_ARM	JU3125
II	1590000	1600000	2	1595000	160	105	No	NA	LEFT_ARM	JU3125
II	1600000	1610000	4	1605000	161	105	No	NA	LEFT_ARM	JU3125
II	1610000	1620000	0	1615000	162	105	No	NA	LEFT_ARM	JU3125
II	1620000	1630000	0	1625000	163	105	No	NA	LEFT_ARM	JU3125
II	1630000	1640000	0	1635000	164	105	No	NA	LEFT_ARM	JU3125
II	1640000	1650000	0	1645000	165	105	No	NA	LEFT_ARM	JU3125
II	1650000	1660000	2	1655000	166	105	No	NA	LEFT_ARM	JU3125
II	1660000	1670000	0	1665000	167	105	No	NA	LEFT_ARM	JU3125
II	1670000	1680000	0	1675000	168	105	No	NA	LEFT_ARM	JU3125
II	1680000	1690000	0	1685000	169	105	No	NA	LEFT_ARM	JU3125
II	1690000	1700000	0	1695000	170	105	No	NA	LEFT_ARM	JU3125
II	1700000	1710000	0	1705000	171	105	No	NA	LEFT_ARM	JU3125
II	1710000	1720000	0	1715000	172	105	No	NA	LEFT_ARM	JU3125
II	1720000	1730000	0	1725000	173	105	No	NA	LEFT_ARM	JU3125
II	1730000	1740000	0	1735000	174	105	No	NA	LEFT_ARM	JU3125
II	1740000	1750000	1	1745000	175	105	No	NA	LEFT_ARM	JU3125
II	1750000	1760000	1	1755000	176	105	No	NA	LEFT_ARM	JU3125
II	1760000	1770000	0	1765000	177	105	No	NA	LEFT_ARM	JU3125
II	1770000	1780000	3	1775000	178	105	No	NA	LEFT_ARM	JU3125
II	1780000	1790000	0	1785000	179	105	No	NA	LEFT_ARM	JU3125
II	1790000	1800000	0	1795000	180	105	No	NA	LEFT_ARM	JU3125
II	1800000	1810000	1	1805000	181	105	No	NA	LEFT_ARM	JU3125
II	1810000	1820000	1	1815000	182	105	No	NA	LEFT_ARM	JU3125
II	1820000	1830000	0	1825000	183	105	No	NA	LEFT_ARM	JU3125
II	1830000	1840000	0	1835000	184	105	No	NA	LEFT_ARM	JU3125
II	1840000	1850000	1	1845000	185	105	No	NA	LEFT_ARM	JU3125
II	1850000	1860000	0	1855000	186	105	No	NA	LEFT_ARM	JU3125
II	1860000	1870000	1	1865000	187	105	No	NA	LEFT_ARM	JU3125
II	1870000	1880000	0	1875000	188	105	No	NA	LEFT_ARM	JU3125
II	1880000	1890000	0	1885000	189	105	No	NA	LEFT_ARM	JU3125
II	1890000	1900000	0	1895000	190	105	No	NA	LEFT_ARM	JU3125
II	1900000	1910000	6	1905000	191	105	No	NA	LEFT_ARM	JU3125
II	1910000	1920000	1	1915000	192	105	No	NA	LEFT_ARM	JU3125
II	1920000	1930000	1	1925000	193	105	No	NA	LEFT_ARM	JU3125
II	1930000	1940000	0	1935000	194	105	No	NA	LEFT_ARM	JU3125
II	1940000	1950000	0	1945000	195	105	No	NA	LEFT_ARM	JU3125
II	1950000	1960000	2	1955000	196	105	No	NA	LEFT_ARM	JU3125
II	1960000	1970000	0	1965000	197	105	No	NA	LEFT_ARM	JU3125
II	1970000	1980000	0	1975000	198	105	No	NA	LEFT_ARM	JU3125
II	1980000	1990000	0	1985000	199	105	No	NA	LEFT_ARM	JU3125
II	1990000	2000000	0	1995000	200	105	No	NA	LEFT_ARM	JU3125
II	2000000	2010000	2	2005000	201	105	No	NA	LEFT_ARM	JU3125
II	2010000	2020000	0	2015000	202	105	No	NA	LEFT_ARM	JU3125
II	2020000	2030000	0	2025000	203	105	No	NA	LEFT_ARM	JU3125
II	2030000	2040000	1	2035000	204	105	No	NA	LEFT_ARM	JU3125
II	2040000	2050000	0	2045000	205	105	No	NA	LEFT_ARM	JU3125
II	2050000	2060000	0	2055000	206	105	No	NA	LEFT_ARM	JU3125
II	2060000	2070000	0	2065000	207	105	No	NA	LEFT_ARM	JU3125
II	2070000	2080000	1	2075000	208	105	No	NA	LEFT_ARM	JU3125
II	2080000	2090000	9	2085000	209	105	No	NA	LEFT_ARM	JU3125
II	2090000	2100000	1	2095000	210	105	No	NA	LEFT_ARM	JU3125
II	2100000	2110000	0	2105000	211	105	No	NA	LEFT_ARM	JU3125
II	2110000	2120000	1	2115000	212	105	No	NA	LEFT_ARM	JU3125
II	2120000	2130000	0	2125000	213	105	No	NA	LEFT_ARM	JU3125
II	2130000	2140000	1	2135000	214	105	No	NA	LEFT_ARM	JU3125
II	2140000	2150000	7	2145000	215	105	No	NA	LEFT_ARM	JU3125
II	2150000	2160000	0	2155000	216	105	No	NA	LEFT_ARM	JU3125
II	2160000	2170000	0	2165000	217	105	No	NA	LEFT_ARM	JU3125
II	2170000	2180000	0	2175000	218	105	No	NA	LEFT_ARM	JU3125
II	2180000	2190000	0	2185000	219	105	No	NA	LEFT_ARM	JU3125
II	2190000	2200000	0	2195000	220	105	No	NA	LEFT_ARM	JU3125
II	2200000	2210000	0	2205000	221	105	No	NA	LEFT_ARM	JU3125
II	2210000	2220000	0	2215000	222	105	No	NA	LEFT_ARM	JU3125
II	2220000	2230000	1	2225000	223	105	No	NA	LEFT_ARM	JU3125
II	2230000	2240000	0	2235000	224	105	No	NA	LEFT_ARM	JU3125
II	2240000	2250000	2	2245000	225	105	No	NA	LEFT_ARM	JU3125
II	2250000	2260000	3	2255000	226	105	No	NA	LEFT_ARM	JU3125
II	2260000	2270000	0	2265000	227	105	No	NA	LEFT_ARM	JU3125
II	2270000	2280000	0	2275000	228	105	No	NA	LEFT_ARM	JU3125
II	2280000	2290000	1	2285000	229	105	No	NA	LEFT_ARM	JU3125
II	2290000	2300000	32	2295000	230	105	No	NA	LEFT_ARM	JU3125
II	2300000	2310000	21	2305000	231	105	No	NA	LEFT_ARM	JU3125
II	2310000	2320000	1	2315000	232	105	No	NA	LEFT_ARM	JU3125
II	2320000	2330000	0	2325000	233	105	No	NA	LEFT_ARM	JU3125
II	2330000	2340000	0	2335000	234	105	No	NA	LEFT_ARM	JU3125
II	2340000	2350000	0	2345000	235	105	No	NA	LEFT_ARM	JU3125
II	2350000	2360000	1	2355000	236	105	No	NA	LEFT_ARM	JU3125
II	2360000	2370000	0	2365000	237	105	No	NA	LEFT_ARM	JU3125
II	2370000	2380000	2	2375000	238	105	No	NA	LEFT_ARM	JU3125
II	2380000	2390000	0	2385000	239	105	No	NA	LEFT_ARM	JU3125
II	2390000	2400000	0	2395000	240	105	No	NA	LEFT_ARM	JU3125
II	2400000	2410000	0	2405000	241	105	No	NA	LEFT_ARM	JU3125
II	2410000	2420000	102	2415000	242	53	Yes	Up	LEFT_ARM	JU3125
II	2420000	2430000	294	2425000	243	10	Yes	Up	LEFT_ARM	JU3125
II	2430000	2440000	147	2435000	244	32	Yes	Up	LEFT_ARM	JU3125
II	2440000	2450000	49	2445000	245	105	No	NA	LEFT_ARM	JU3125
II	2450000	2460000	39	2455000	246	105	No	NA	LEFT_ARM	JU3125
II	2460000	2470000	72	2465000	247	105	No	NA	LEFT_ARM	JU3125
II	2470000	2480000	48	2475000	248	105	No	NA	LEFT_ARM	JU3125
II	2480000	2490000	23	2485000	249	105	No	NA	LEFT_ARM	JU3125
II	2490000	2500000	39	2495000	250	105	No	NA	LEFT_ARM	JU3125
II	2500000	2510000	172	2505000	251	24	Yes	Up	LEFT_ARM	JU3125
II	2510000	2520000	24	2515000	252	105	No	NA	LEFT_ARM	JU3125
II	2520000	2530000	15	2525000	253	105	No	NA	LEFT_ARM	JU3125
II	2530000	2540000	13	2535000	254	105	No	NA	LEFT_ARM	JU3125
II	2540000	2550000	19	2545000	255	105	No	NA	LEFT_ARM	JU3125
II	2550000	2560000	20	2555000	256	105	No	NA	LEFT_ARM	JU3125
II	2560000	2570000	60	2565000	257	105	No	NA	LEFT_ARM	JU3125
II	2570000	2580000	192	2575000	258	18	Yes	Up	LEFT_ARM	JU3125
II	2580000	2590000	54	2585000	259	105	No	NA	LEFT_ARM	JU3125
II	2590000	2600000	14	2595000	260	105	No	NA	LEFT_ARM	JU3125
II	2600000	2610000	114	2605000	261	61	Yes	Up	LEFT_ARM	JU3125
II	2610000	2620000	16	2615000	262	105	No	NA	LEFT_ARM	JU3125
II	2620000	2630000	26	2625000	263	105	No	NA	LEFT_ARM	JU3125
II	2630000	2640000	34	2635000	264	105	No	NA	LEFT_ARM	JU3125
II	2640000	2650000	89	2645000	265	105	No	NA	LEFT_ARM	JU3125
II	2650000	2660000	56	2655000	266	105	No	NA	LEFT_ARM	JU3125
II	2660000	2670000	87	2665000	267	105	No	NA	LEFT_ARM	JU3125
II	2670000	2680000	55	2675000	268	105	No	NA	LEFT_ARM	JU3125
II	2680000	2690000	66	2685000	269	105	No	NA	LEFT_ARM	JU3125
II	2690000	2700000	41	2695000	270	105	No	NA	LEFT_ARM	JU3125
II	2700000	2710000	44	2705000	271	105	No	NA	LEFT_ARM	JU3125
II	2710000	2720000	67	2715000	272	105	No	NA	LEFT_ARM	JU3125
II	2720000	2730000	41	2725000	273	105	No	NA	LEFT_ARM	JU3125
II	2730000	2740000	51	2735000	274	105	No	NA	LEFT_ARM	JU3125
II	2740000	2750000	56	2745000	275	105	No	NA	LEFT_ARM	JU3125
II	2750000	2760000	36	2755000	276	105	No	NA	LEFT_ARM	JU3125
II	2760000	2770000	46	2765000	277	105	No	NA	LEFT_ARM	JU3125
II	2770000	2780000	49	2775000	278	105	No	NA	LEFT_ARM	JU3125
II	2780000	2790000	39	2785000	279	105	No	NA	LEFT_ARM	JU3125
II	2790000	2800000	130	2795000	280	62	Yes	Up	LEFT_ARM	JU3125
II	2800000	2810000	52	2805000	281	105	No	NA	LEFT_ARM	JU3125
II	2810000	2820000	34	2815000	282	105	No	NA	LEFT_ARM	JU3125
II	2820000	2830000	75	2825000	283	105	No	NA	LEFT_ARM	JU3125
II	2830000	2840000	79	2835000	284	105	No	NA	LEFT_ARM	JU3125
II	2840000	2850000	47	2845000	285	105	No	NA	LEFT_ARM	JU3125
II	2850000	2860000	133	2855000	286	70	Yes	Up	LEFT_ARM	JU3125
II	2860000	2870000	74	2865000	287	105	No	NA	LEFT_ARM	JU3125
II	2870000	2880000	74	2875000	288	105	No	NA	LEFT_ARM	JU3125
II	2880000	2890000	125	2885000	289	105	No	NA	LEFT_ARM	JU3125
II	2890000	2900000	41	2895000	290	105	No	NA	LEFT_ARM	JU3125
II	2900000	2910000	85	2905000	291	105	No	NA	LEFT_ARM	JU3125
II	2910000	2920000	42	2915000	292	105	No	NA	LEFT_ARM	JU3125
II	2920000	2930000	95	2925000	293	105	No	NA	LEFT_ARM	JU3125
II	2930000	2940000	44	2935000	294	105	No	NA	LEFT_ARM	JU3125
II	2940000	2950000	124	2945000	295	105	No	NA	LEFT_ARM	JU3125
II	2950000	2960000	34	2955000	296	105	No	NA	LEFT_ARM	JU3125
II	2960000	2970000	70	2965000	297	105	No	NA	LEFT_ARM	JU3125
II	2970000	2980000	49	2975000	298	105	No	NA	LEFT_ARM	JU3125
II	2980000	2990000	32	2985000	299	105	No	NA	LEFT_ARM	JU3125
II	2990000	3000000	32	2995000	300	105	No	NA	LEFT_ARM	JU3125
II	3000000	3010000	21	3005000	301	59	Yes	Down	LEFT_ARM	JU3125
II	3010000	3020000	48	3015000	302	105	No	NA	LEFT_ARM	JU3125
II	3020000	3030000	37	3025000	303	105	No	NA	LEFT_ARM	JU3125
II	3030000	3040000	52	3035000	304	105	No	NA	LEFT_ARM	JU3125
II	3040000	3050000	14	3045000	305	46	Yes	Down	LEFT_ARM	JU3125
II	3050000	3060000	58	3055000	306	105	No	NA	LEFT_ARM	JU3125
II	3060000	3070000	82	3065000	307	105	No	NA	LEFT_ARM	JU3125
II	3070000	3080000	79	3075000	308	105	No	NA	LEFT_ARM	JU3125
II	3080000	3090000	77	3085000	309	105	No	NA	LEFT_ARM	JU3125
II	3090000	3100000	49	3095000	310	105	No	NA	LEFT_ARM	JU3125
II	3100000	3110000	48	3105000	311	105	No	NA	LEFT_ARM	JU3125
II	3110000	3120000	62	3115000	312	105	No	NA	LEFT_ARM	JU3125
II	3120000	3130000	52	3125000	313	105	No	NA	LEFT_ARM	JU3125
II	3130000	3140000	74	3135000	314	105	No	NA	LEFT_ARM	JU3125
II	3140000	3150000	51	3145000	315	105	No	NA	LEFT_ARM	JU3125
II	3150000	3160000	95	3155000	316	105	No	NA	LEFT_ARM	JU3125
II	3160000	3170000	26	3165000	317	48	Yes	Down	LEFT_ARM	JU3125
II	3170000	3180000	52	3175000	318	105	No	NA	LEFT_ARM	JU3125
II	3180000	3190000	68	3185000	319	105	No	NA	LEFT_ARM	JU3125
II	3190000	3200000	258	3195000	320	15	Yes	Up	LEFT_ARM	JU3125
II	3200000	3210000	366	3205000	321	9	Yes	Up	LEFT_ARM	JU3125
II	3210000	3220000	362	3215000	322	11	Yes	Up	LEFT_ARM	JU3125
II	3220000	3230000	189	3225000	323	38	Yes	Up	LEFT_ARM	JU3125
II	3230000	3240000	159	3235000	324	105	No	NA	LEFT_ARM	JU3125
II	3240000	3250000	470	3245000	325	2	Yes	Up	LEFT_ARM	JU3125
II	3250000	3260000	41	3255000	326	56	Yes	Down	LEFT_ARM	JU3125
II	3260000	3270000	171	3265000	327	69	Yes	Up	LEFT_ARM	JU3125
II	3270000	3280000	50	3275000	328	68	Yes	Down	LEFT_ARM	JU3125
II	3280000	3290000	111	3285000	329	105	No	NA	LEFT_ARM	JU3125
II	3290000	3300000	149	3295000	330	105	No	NA	LEFT_ARM	JU3125
II	3300000	3310000	124	3305000	331	105	No	NA	LEFT_ARM	JU3125
II	3310000	3320000	355	3315000	332	12	Yes	Up	LEFT_ARM	JU3125
II	3320000	3330000	463	3325000	333	4	Yes	Up	LEFT_ARM	JU3125
II	3330000	3340000	398	3335000	334	8	Yes	Up	LEFT_ARM	JU3125
II	3340000	3350000	63	3345000	335	105	No	NA	LEFT_ARM	JU3125
II	3350000	3360000	81	3355000	336	105	No	NA	LEFT_ARM	JU3125
II	3360000	3370000	289	3365000	337	13	Yes	Up	LEFT_ARM	JU3125
II	3370000	3380000	127	3375000	338	105	No	NA	LEFT_ARM	JU3125
II	3380000	3390000	46	3385000	339	51	Yes	Down	LEFT_ARM	JU3125
II	3390000	3400000	51	3395000	340	54	Yes	Down	LEFT_ARM	JU3125
II	3400000	3410000	125	3405000	341	105	No	NA	LEFT_ARM	JU3125
II	3410000	3420000	64	3415000	342	105	No	NA	LEFT_ARM	JU3125
II	3420000	3430000	35	3425000	343	41	Yes	Down	LEFT_ARM	JU3125
II	3430000	3440000	32	3435000	344	39	Yes	Down	LEFT_ARM	JU3125
II	3440000	3450000	58	3445000	345	105	No	NA	LEFT_ARM	JU3125
II	3450000	3460000	50	3455000	346	67	Yes	Down	LEFT_ARM	JU3125
II	3460000	3470000	32	3465000	347	42	Yes	Down	LEFT_ARM	JU3125
II	3470000	3480000	50	3475000	348	74	Yes	Down	LEFT_ARM	JU3125
II	3480000	3490000	87	3485000	349	105	No	NA	LEFT_ARM	JU3125
II	3490000	3500000	58	3495000	350	105	No	NA	LEFT_ARM	JU3125
II	3500000	3510000	164	3505000	351	66	Yes	Up	LEFT_ARM	JU3125
II	3510000	3520000	40	3515000	352	71	Yes	Down	LEFT_ARM	JU3125
II	3520000	3530000	23	3525000	353	43	Yes	Down	LEFT_ARM	JU3125
II	3530000	3540000	34	3535000	354	60	Yes	Down	LEFT_ARM	JU3125
II	3540000	3550000	32	3545000	355	58	Yes	Down	LEFT_ARM	JU3125
II	3550000	3560000	20	3555000	356	45	Yes	Down	LEFT_ARM	JU3125
II	3560000	3570000	12	3565000	357	37	Yes	Down	LEFT_ARM	JU3125
II	3570000	3580000	12	3575000	358	40	Yes	Down	LEFT_ARM	JU3125
II	3580000	3590000	30	3585000	359	64	Yes	Down	LEFT_ARM	JU3125
II	3590000	3600000	16	3595000	360	47	Yes	Down	LEFT_ARM	JU3125
II	3600000	3610000	14	3605000	361	44	Yes	Down	LEFT_ARM	JU3125
II	3610000	3620000	16	3615000	362	50	Yes	Down	LEFT_ARM	JU3125
II	3620000	3630000	26	3625000	363	65	Yes	Down	LEFT_ARM	JU3125
II	3630000	3640000	66	3635000	364	105	No	NA	LEFT_ARM	JU3125
II	3640000	3650000	66	3645000	365	105	No	NA	LEFT_ARM	JU3125
II	3650000	3660000	61	3655000	366	105	No	NA	LEFT_ARM	JU3125
II	3660000	3670000	47	3665000	367	105	No	NA	LEFT_ARM	JU3125
II	3670000	3680000	407	3675000	368	5	Yes	Up	LEFT_ARM	JU3125
II	3680000	3690000	548	3685000	369	1	Yes	Up	LEFT_ARM	JU3125
II	3690000	3700000	366	3695000	370	7	Yes	Up	LEFT_ARM	JU3125
II	3700000	3710000	49	3705000	371	105	No	NA	LEFT_ARM	JU3125
II	3710000	3720000	33	3715000	372	105	No	NA	LEFT_ARM	JU3125
II	3720000	3730000	428	3725000	373	3	Yes	Up	LEFT_ARM	JU3125
II	3730000	3740000	185	3735000	374	33	Yes	Up	LEFT_ARM	JU3125
II	3740000	3750000	212	3745000	375	19	Yes	Up	LEFT_ARM	JU3125
II	3750000	3760000	148	3755000	376	49	Yes	Up	LEFT_ARM	JU3125
II	3760000	3770000	29	3765000	377	105	No	NA	LEFT_ARM	JU3125
II	3770000	3780000	25	3775000	378	105	No	NA	LEFT_ARM	JU3125
II	3780000	3790000	40	3785000	379	105	No	NA	LEFT_ARM	JU3125
II	3790000	3800000	52	3795000	380	105	No	NA	LEFT_ARM	JU3125
II	3800000	3810000	44	3805000	381	105	No	NA	LEFT_ARM	JU3125
II	3810000	3820000	27	3815000	382	105	No	NA	LEFT_ARM	JU3125
II	3820000	3830000	9	3825000	383	105	No	NA	LEFT_ARM	JU3125
II	3830000	3840000	30	3835000	384	105	No	NA	LEFT_ARM	JU3125
II	3840000	3850000	13	3845000	385	105	No	NA	LEFT_ARM	JU3125
II	3850000	3860000	34	3855000	386	105	No	NA	LEFT_ARM	JU3125
II	3860000	3870000	57	3865000	387	105	No	NA	LEFT_ARM	JU3125
II	3870000	3880000	357	3875000	388	6	Yes	Up	LEFT_ARM	JU3125
II	3880000	3890000	190	3885000	389	20	Yes	Up	LEFT_ARM	JU3125
II	3890000	3900000	59	3895000	390	105	No	NA	LEFT_ARM	JU3125
II	3900000	3910000	43	3905000	391	105	No	NA	LEFT_ARM	JU3125
II	3910000	3920000	173	3915000	392	28	Yes	Up	LEFT_ARM	JU3125
II	3920000	3930000	111	3925000	393	72	Yes	Up	LEFT_ARM	JU3125
II	3930000	3940000	47	3935000	394	105	No	NA	LEFT_ARM	JU3125
II	3940000	3950000	39	3945000	395	105	No	NA	LEFT_ARM	JU3125
II	3950000	3960000	120	3955000	396	52	Yes	Up	LEFT_ARM	JU3125
II	3960000	3970000	34	3965000	397	105	No	NA	LEFT_ARM	JU3125
II	3970000	3980000	30	3975000	398	105	No	NA	LEFT_ARM	JU3125
II	3980000	3990000	21	3985000	399	105	No	NA	LEFT_ARM	JU3125
II	3990000	4000000	46	3995000	400	105	No	NA	LEFT_ARM	JU3125
II	4000000	4010000	23	4005000	401	105	No	NA	LEFT_ARM	JU3125
II	4010000	4020000	20	4015000	402	105	No	NA	LEFT_ARM	JU3125
II	4020000	4030000	46	4025000	403	105	No	NA	LEFT_ARM	JU3125
II	4030000	4040000	43	4035000	404	105	No	NA	LEFT_ARM	JU3125
II	4040000	4050000	26	4045000	405	105	No	NA	LEFT_ARM	JU3125
II	4050000	4060000	14	4055000	406	105	No	NA	LEFT_ARM	JU3125
II	4060000	4070000	22	4065000	407	105	No	NA	LEFT_ARM	JU3125
II	4070000	4080000	23	4075000	408	105	No	NA	LEFT_ARM	JU3125
II	4080000	4090000	29	4085000	409	105	No	NA	LEFT_ARM	JU3125
II	4090000	4100000	13	4095000	410	105	No	NA	LEFT_ARM	JU3125
II	4100000	4110000	41	4105000	411	105	No	NA	LEFT_ARM	JU3125
II	4110000	4120000	39	4115000	412	105	No	NA	LEFT_ARM	JU3125
II	4120000	4130000	50	4125000	413	105	No	NA	LEFT_ARM	JU3125
II	4130000	4140000	40	4135000	414	105	No	NA	LEFT_ARM	JU3125
II	4140000	4150000	9	4145000	415	105	No	NA	LEFT_ARM	JU3125
II	4150000	4160000	11	4155000	416	105	No	NA	LEFT_ARM	JU3125
II	4160000	4170000	18	4165000	417	105	No	NA	LEFT_ARM	JU3125
II	4170000	4180000	19	4175000	418	105	No	NA	LEFT_ARM	JU3125
II	4180000	4190000	12	4185000	419	105	No	NA	LEFT_ARM	JU3125
II	4190000	4200000	6	4195000	420	105	No	NA	LEFT_ARM	JU3125
II	4200000	4210000	12	4205000	421	105	No	NA	LEFT_ARM	JU3125
II	4210000	4220000	10	4215000	422	105	No	NA	LEFT_ARM	JU3125
II	4220000	4230000	18	4225000	423	105	No	NA	LEFT_ARM	JU3125
II	4230000	4240000	29	4235000	424	105	No	NA	LEFT_ARM	JU3125
II	4240000	4250000	35	4245000	425	105	No	NA	LEFT_ARM	JU3125
II	4250000	4260000	24	4255000	426	105	No	NA	LEFT_ARM	JU3125
II	4260000	4270000	40	4265000	427	105	No	NA	LEFT_ARM	JU3125
II	4270000	4280000	18	4275000	428	105	No	NA	LEFT_ARM	JU3125
II	4280000	4290000	24	4285000	429	105	No	NA	LEFT_ARM	JU3125
II	4290000	4300000	35	4295000	430	105	No	NA	LEFT_ARM	JU3125
II	4300000	4310000	37	4305000	431	105	No	NA	LEFT_ARM	JU3125
II	4310000	4320000	51	4315000	432	105	No	NA	LEFT_ARM	JU3125
II	4320000	4330000	38	4325000	433	105	No	NA	LEFT_ARM	JU3125
II	4330000	4340000	43	4335000	434	105	No	NA	LEFT_ARM	JU3125
II	4340000	4350000	34	4345000	435	105	No	NA	LEFT_ARM	JU3125
II	4350000	4360000	30	4355000	436	105	No	NA	LEFT_ARM	JU3125
II	4360000	4370000	18	4365000	437	105	No	NA	LEFT_ARM	JU3125
II	4370000	4380000	13	4375000	438	105	No	NA	LEFT_ARM	JU3125
II	4380000	4390000	15	4385000	439	105	No	NA	LEFT_ARM	JU3125
II	4390000	4400000	15	4395000	440	105	No	NA	LEFT_ARM	JU3125
II	4400000	4410000	8	4405000	441	105	No	NA	LEFT_ARM	JU3125
II	4410000	4420000	10	4415000	442	105	No	NA	LEFT_ARM	JU3125
II	4420000	4430000	14	4425000	443	105	No	NA	LEFT_ARM	JU3125
II	4430000	4440000	24	4435000	444	105	No	NA	LEFT_ARM	JU3125
II	4440000	4450000	17	4445000	445	105	No	NA	LEFT_ARM	JU3125
II	4450000	4460000	10	4455000	446	105	No	NA	LEFT_ARM	JU3125
II	4460000	4470000	18	4465000	447	105	No	NA	LEFT_ARM	JU3125
II	4470000	4480000	10	4475000	448	105	No	NA	LEFT_ARM	JU3125
II	4480000	4490000	5	4485000	449	105	No	NA	LEFT_ARM	JU3125
II	4490000	4500000	13	4495000	450	105	No	NA	LEFT_ARM	JU3125
II	4500000	4510000	11	4505000	451	105	No	NA	LEFT_ARM	JU3125
II	4510000	4520000	26	4515000	452	105	No	NA	LEFT_ARM	JU3125
II	4520000	4530000	26	4525000	453	105	No	NA	LEFT_ARM	JU3125
II	4530000	4540000	30	4535000	454	105	No	NA	LEFT_ARM	JU3125
II	4540000	4550000	21	4545000	455	105	No	NA	LEFT_ARM	JU3125
II	4550000	4560000	12	4555000	456	105	No	NA	LEFT_ARM	JU3125
II	4560000	4570000	23	4565000	457	105	No	NA	LEFT_ARM	JU3125
II	4570000	4580000	15	4575000	458	105	No	NA	LEFT_ARM	JU3125
II	4580000	4590000	6	4585000	459	105	No	NA	LEFT_ARM	JU3125
II	4590000	4600000	20	4595000	460	105	No	NA	LEFT_ARM	JU3125
II	4600000	4610000	11	4605000	461	105	No	NA	LEFT_ARM	JU3125
II	4610000	4620000	9	4615000	462	105	No	NA	LEFT_ARM	JU3125
II	4620000	4630000	1	4625000	463	105	No	NA	LEFT_ARM	JU3125
II	4630000	4640000	4	4635000	464	105	No	NA	LEFT_ARM	JU3125
II	4640000	4650000	23	4645000	465	105	No	NA	LEFT_ARM	JU3125
II	4650000	4660000	4	4655000	466	105	No	NA	LEFT_ARM	JU3125
II	4660000	4670000	3	4665000	467	105	No	NA	LEFT_ARM	JU3125
II	4670000	4680000	6	4675000	468	105	No	NA	LEFT_ARM	JU3125
II	4680000	4690000	6	4685000	469	105	No	NA	LEFT_ARM	JU3125
II	4690000	4700000	2	4695000	470	105	No	NA	LEFT_ARM	JU3125
II	4700000	4710000	3	4705000	471	105	No	NA	LEFT_ARM	JU3125
II	4710000	4720000	4	4715000	472	105	No	NA	LEFT_ARM	JU3125
II	4720000	4730000	6	4725000	473	105	No	NA	LEFT_ARM	JU3125
II	4730000	4740000	19	4735000	474	105	No	NA	LEFT_ARM	JU3125
II	4740000	4750000	21	4745000	475	105	No	NA	LEFT_ARM	JU3125
II	4750000	4760000	21	4755000	476	105	No	NA	LEFT_ARM	JU3125
II	4760000	4770000	16	4765000	477	105	No	NA	LEFT_ARM	JU3125
II	4770000	4780000	13	4775000	478	105	No	NA	LEFT_ARM	JU3125
II	4780000	4790000	14	4785000	479	105	No	NA	LEFT_ARM	JU3125
II	4790000	4800000	8	4795000	480	105	No	NA	LEFT_ARM	JU3125
II	4800000	4810000	18	4805000	481	105	No	NA	LEFT_ARM	JU3125
II	4810000	4820000	8	4815000	482	105	No	NA	LEFT_ARM	JU3125
II	4820000	4830000	7	4825000	483	105	No	NA	LEFT_ARM	JU3125
II	4830000	4840000	9	4835000	484	105	No	NA	LEFT_ARM	JU3125
II	4840000	4850000	15	4845000	485	105	No	NA	LEFT_ARM	JU3125
II	4850000	4860000	8	4855000	486	105	No	NA	LEFT_ARM	JU3125
II	4860000	4870000	12	4865000	487	105	No	NA	LEFT_ARM	JU3125
II	4870000	4880000	10	4875000	488	105	No	NA	LEFT_ARM	JU3125
II	4880000	4890000	7	4885000	489	105	No	NA	CENTER	JU3125
II	4890000	4900000	21	4895000	490	105	No	NA	CENTER	JU3125
II	4900000	4910000	20	4905000	491	105	No	NA	CENTER	JU3125
II	4910000	4920000	31	4915000	492	105	No	NA	CENTER	JU3125
II	4920000	4930000	29	4925000	493	105	No	NA	CENTER	JU3125
II	4930000	4940000	19	4935000	494	105	No	NA	CENTER	JU3125
II	4940000	4950000	26	4945000	495	105	No	NA	CENTER	JU3125
II	4950000	4960000	10	4955000	496	105	No	NA	CENTER	JU3125
II	4960000	4970000	21	4965000	497	105	No	NA	CENTER	JU3125
II	4970000	4980000	15	4975000	498	105	No	NA	CENTER	JU3125
II	4980000	4990000	1	4985000	499	105	No	NA	CENTER	JU3125
II	4990000	5000000	0	4995000	500	105	No	NA	CENTER	JU3125
II	5000000	5010000	0	5005000	501	105	No	NA	CENTER	JU3125
II	5010000	5020000	0	5015000	502	105	No	NA	CENTER	JU3125
II	5020000	5030000	0	5025000	503	105	No	NA	CENTER	JU3125
II	5030000	5040000	0	5035000	504	105	No	NA	CENTER	JU3125
II	5040000	5050000	1	5045000	505	105	No	NA	CENTER	JU3125
II	5050000	5060000	0	5055000	506	105	No	NA	CENTER	JU3125
II	5060000	5070000	1	5065000	507	105	No	NA	CENTER	JU3125
II	5070000	5080000	5	5075000	508	105	No	NA	CENTER	JU3125
II	5080000	5090000	0	5085000	509	105	No	NA	CENTER	JU3125
II	5090000	5100000	2	5095000	510	105	No	NA	CENTER	JU3125
II	5100000	5110000	1	5105000	511	105	No	NA	CENTER	JU3125
II	5110000	5120000	0	5115000	512	105	No	NA	CENTER	JU3125
II	5120000	5130000	1	5125000	513	105	No	NA	CENTER	JU3125
II	5130000	5140000	2	5135000	514	105	No	NA	CENTER	JU3125
II	5140000	5150000	2	5145000	515	105	No	NA	CENTER	JU3125
II	5150000	5160000	0	5155000	516	105	No	NA	CENTER	JU3125
II	5160000	5170000	0	5165000	517	105	No	NA	CENTER	JU3125
II	5170000	5180000	0	5175000	518	105	No	NA	CENTER	JU3125
II	5180000	5190000	0	5185000	519	105	No	NA	CENTER	JU3125
II	5190000	5200000	0	5195000	520	105	No	NA	CENTER	JU3125
II	5200000	5210000	2	5205000	521	105	No	NA	CENTER	JU3125
II	5210000	5220000	0	5215000	522	105	No	NA	CENTER	JU3125
II	5220000	5230000	1	5225000	523	105	No	NA	CENTER	JU3125
II	5230000	5240000	3	5235000	524	105	No	NA	CENTER	JU3125
II	5240000	5250000	1	5245000	525	105	No	NA	CENTER	JU3125
II	5250000	5260000	1	5255000	526	105	No	NA	CENTER	JU3125
II	5260000	5270000	6	5265000	527	105	No	NA	CENTER	JU3125
II	5270000	5280000	0	5275000	528	105	No	NA	CENTER	JU3125
II	5280000	5290000	2	5285000	529	105	No	NA	CENTER	JU3125
II	5290000	5300000	0	5295000	530	105	No	NA	CENTER	JU3125
II	5300000	5310000	0	5305000	531	105	No	NA	CENTER	JU3125
II	5310000	5320000	0	5315000	532	105	No	NA	CENTER	JU3125
II	5320000	5330000	0	5325000	533	105	No	NA	CENTER	JU3125
II	5330000	5340000	0	5335000	534	105	No	NA	CENTER	JU3125
II	5340000	5350000	0	5345000	535	105	No	NA	CENTER	JU3125
II	5350000	5360000	0	5355000	536	105	No	NA	CENTER	JU3125
II	5360000	5370000	2	5365000	537	105	No	NA	CENTER	JU3125
II	5370000	5380000	0	5375000	538	105	No	NA	CENTER	JU3125
II	5380000	5390000	0	5385000	539	105	No	NA	CENTER	JU3125
II	5390000	5400000	0	5395000	540	105	No	NA	CENTER	JU3125
II	5400000	5410000	0	5405000	541	105	No	NA	CENTER	JU3125
II	5410000	5420000	1	5415000	542	105	No	NA	CENTER	JU3125
II	5420000	5430000	0	5425000	543	105	No	NA	CENTER	JU3125
II	5430000	5440000	0	5435000	544	105	No	NA	CENTER	JU3125
II	5440000	5450000	0	5445000	545	105	No	NA	CENTER	JU3125
II	5450000	5460000	1	5455000	546	105	No	NA	CENTER	JU3125
II	5460000	5470000	0	5465000	547	105	No	NA	CENTER	JU3125
II	5470000	5480000	0	5475000	548	105	No	NA	CENTER	JU3125
II	5480000	5490000	0	5485000	549	105	No	NA	CENTER	JU3125
II	5490000	5500000	1	5495000	550	105	No	NA	CENTER	JU3125
II	5500000	5510000	0	5505000	551	105	No	NA	CENTER	JU3125
II	5510000	5520000	0	5515000	552	105	No	NA	CENTER	JU3125
II	5520000	5530000	0	5525000	553	105	No	NA	CENTER	JU3125
II	5530000	5540000	0	5535000	554	105	No	NA	CENTER	JU3125
II	5540000	5550000	0	5545000	555	105	No	NA	CENTER	JU3125
II	5550000	5560000	0	5555000	556	105	No	NA	CENTER	JU3125
II	5560000	5570000	1	5565000	557	105	No	NA	CENTER	JU3125
II	5570000	5580000	0	5575000	558	105	No	NA	CENTER	JU3125
II	5580000	5590000	0	5585000	559	105	No	NA	CENTER	JU3125
II	5590000	5600000	0	5595000	560	105	No	NA	CENTER	JU3125
II	5600000	5610000	1	5605000	561	105	No	NA	CENTER	JU3125
II	5610000	5620000	0	5615000	562	105	No	NA	CENTER	JU3125
II	5620000	5630000	0	5625000	563	105	No	NA	CENTER	JU3125
II	5630000	5640000	0	5635000	564	105	No	NA	CENTER	JU3125
II	5640000	5650000	0	5645000	565	105	No	NA	CENTER	JU3125
II	5650000	5660000	0	5655000	566	105	No	NA	CENTER	JU3125
II	5660000	5670000	0	5665000	567	105	No	NA	CENTER	JU3125
II	5670000	5680000	1	5675000	568	105	No	NA	CENTER	JU3125
II	5680000	5690000	1	5685000	569	105	No	NA	CENTER	JU3125
II	5690000	5700000	0	5695000	570	105	No	NA	CENTER	JU3125
II	5700000	5710000	0	5705000	571	105	No	NA	CENTER	JU3125
II	5710000	5720000	0	5715000	572	105	No	NA	CENTER	JU3125
II	5720000	5730000	0	5725000	573	105	No	NA	CENTER	JU3125
II	5730000	5740000	0	5735000	574	105	No	NA	CENTER	JU3125
II	5740000	5750000	0	5745000	575	105	No	NA	CENTER	JU3125
II	5750000	5760000	0	5755000	576	105	No	NA	CENTER	JU3125
II	5760000	5770000	0	5765000	577	105	No	NA	CENTER	JU3125
II	5770000	5780000	2	5775000	578	105	No	NA	CENTER	JU3125
II	5780000	5790000	0	5785000	579	105	No	NA	CENTER	JU3125
II	5790000	5800000	0	5795000	580	105	No	NA	CENTER	JU3125
II	5800000	5810000	0	5805000	581	105	No	NA	CENTER	JU3125
II	5810000	5820000	0	5815000	582	105	No	NA	CENTER	JU3125
II	5820000	5830000	0	5825000	583	105	No	NA	CENTER	JU3125
II	5830000	5840000	0	5835000	584	105	No	NA	CENTER	JU3125
II	5840000	5850000	0	5845000	585	105	No	NA	CENTER	JU3125
II	5850000	5860000	0	5855000	586	105	No	NA	CENTER	JU3125
II	5860000	5870000	5	5865000	587	105	No	NA	CENTER	JU3125
II	5870000	5880000	0	5875000	588	105	No	NA	CENTER	JU3125
II	5880000	5890000	1	5885000	589	105	No	NA	CENTER	JU3125
II	5890000	5900000	1	5895000	590	105	No	NA	CENTER	JU3125
II	5900000	5910000	0	5905000	591	105	No	NA	CENTER	JU3125
II	5910000	5920000	0	5915000	592	105	No	NA	CENTER	JU3125
II	5920000	5930000	0	5925000	593	105	No	NA	CENTER	JU3125
II	5930000	5940000	0	5935000	594	105	No	NA	CENTER	JU3125
II	5940000	5950000	0	5945000	595	105	No	NA	CENTER	JU3125
II	5950000	5960000	0	5955000	596	105	No	NA	CENTER	JU3125
II	5960000	5970000	0	5965000	597	105	No	NA	CENTER	JU3125
II	5970000	5980000	3	5975000	598	105	No	NA	CENTER	JU3125
II	5980000	5990000	0	5985000	599	105	No	NA	CENTER	JU3125
II	5990000	6000000	1	5995000	600	105	No	NA	CENTER	JU3125
II	6000000	6010000	2	6005000	601	105	No	NA	CENTER	JU3125
II	6010000	6020000	0	6015000	602	105	No	NA	CENTER	JU3125
II	6020000	6030000	0	6025000	603	105	No	NA	CENTER	JU3125
II	6030000	6040000	0	6035000	604	105	No	NA	CENTER	JU3125
II	6040000	6050000	1	6045000	605	105	No	NA	CENTER	JU3125
II	6050000	6060000	0	6055000	606	105	No	NA	CENTER	JU3125
II	6060000	6070000	1	6065000	607	105	No	NA	CENTER	JU3125
II	6070000	6080000	0	6075000	608	105	No	NA	CENTER	JU3125
II	6080000	6090000	2	6085000	609	105	No	NA	CENTER	JU3125
II	6090000	6100000	3	6095000	610	105	No	NA	CENTER	JU3125
II	6100000	6110000	1	6105000	611	105	No	NA	CENTER	JU3125
II	6110000	6120000	0	6115000	612	105	No	NA	CENTER	JU3125
II	6120000	6130000	0	6125000	613	105	No	NA	CENTER	JU3125
II	6130000	6140000	0	6135000	614	105	No	NA	CENTER	JU3125
II	6140000	6150000	1	6145000	615	105	No	NA	CENTER	JU3125
II	6150000	6160000	0	6155000	616	105	No	NA	CENTER	JU3125
II	6160000	6170000	0	6165000	617	105	No	NA	CENTER	JU3125
II	6170000	6180000	1	6175000	618	105	No	NA	CENTER	JU3125
II	6180000	6190000	1	6185000	619	105	No	NA	CENTER	JU3125
II	6190000	6200000	0	6195000	620	105	No	NA	CENTER	JU3125
II	6200000	6210000	2	6205000	621	105	No	NA	CENTER	JU3125
II	6210000	6220000	0	6215000	622	105	No	NA	CENTER	JU3125
II	6220000	6230000	0	6225000	623	105	No	NA	CENTER	JU3125
II	6230000	6240000	0	6235000	624	105	No	NA	CENTER	JU3125
II	6240000	6250000	0	6245000	625	105	No	NA	CENTER	JU3125
II	6250000	6260000	0	6255000	626	105	No	NA	CENTER	JU3125
II	6260000	6270000	0	6265000	627	105	No	NA	CENTER	JU3125
II	6270000	6280000	1	6275000	628	105	No	NA	CENTER	JU3125
II	6280000	6290000	0	6285000	629	105	No	NA	CENTER	JU3125
II	6290000	6300000	4	6295000	630	105	No	NA	CENTER	JU3125
II	6300000	6310000	0	6305000	631	105	No	NA	CENTER	JU3125
II	6310000	6320000	1	6315000	632	105	No	NA	CENTER	JU3125
II	6320000	6330000	3	6325000	633	105	No	NA	CENTER	JU3125
II	6330000	6340000	0	6335000	634	105	No	NA	CENTER	JU3125
II	6340000	6350000	0	6345000	635	105	No	NA	CENTER	JU3125
II	6350000	6360000	1	6355000	636	105	No	NA	CENTER	JU3125
II	6360000	6370000	0	6365000	637	105	No	NA	CENTER	JU3125
II	6370000	6380000	0	6375000	638	105	No	NA	CENTER	JU3125
II	6380000	6390000	0	6385000	639	105	No	NA	CENTER	JU3125
II	6390000	6400000	0	6395000	640	105	No	NA	CENTER	JU3125
II	6400000	6410000	0	6405000	641	105	No	NA	CENTER	JU3125
II	6410000	6420000	0	6415000	642	105	No	NA	CENTER	JU3125
II	6420000	6430000	0	6425000	643	105	No	NA	CENTER	JU3125
II	6430000	6440000	2	6435000	644	105	No	NA	CENTER	JU3125
II	6440000	6450000	0	6445000	645	105	No	NA	CENTER	JU3125
II	6450000	6460000	0	6455000	646	105	No	NA	CENTER	JU3125
II	6460000	6470000	0	6465000	647	105	No	NA	CENTER	JU3125
II	6470000	6480000	0	6475000	648	105	No	NA	CENTER	JU3125
II	6480000	6490000	0	6485000	649	105	No	NA	CENTER	JU3125
II	6490000	6500000	1	6495000	650	105	No	NA	CENTER	JU3125
II	6500000	6510000	4	6505000	651	105	No	NA	CENTER	JU3125
II	6510000	6520000	0	6515000	652	105	No	NA	CENTER	JU3125
II	6520000	6530000	2	6525000	653	105	No	NA	CENTER	JU3125
II	6530000	6540000	2	6535000	654	105	No	NA	CENTER	JU3125
II	6540000	6550000	0	6545000	655	105	No	NA	CENTER	JU3125
II	6550000	6560000	2	6555000	656	105	No	NA	CENTER	JU3125
II	6560000	6570000	2	6565000	657	105	No	NA	CENTER	JU3125
II	6570000	6580000	0	6575000	658	105	No	NA	CENTER	JU3125
II	6580000	6590000	0	6585000	659	105	No	NA	CENTER	JU3125
II	6590000	6600000	0	6595000	660	105	No	NA	CENTER	JU3125
II	6600000	6610000	0	6605000	661	105	No	NA	CENTER	JU3125
II	6610000	6620000	2	6615000	662	105	No	NA	CENTER	JU3125
II	6620000	6630000	0	6625000	663	105	No	NA	CENTER	JU3125
II	6630000	6640000	0	6635000	664	105	No	NA	CENTER	JU3125
II	6640000	6650000	0	6645000	665	105	No	NA	CENTER	JU3125
II	6650000	6660000	3	6655000	666	105	No	NA	CENTER	JU3125
II	6660000	6670000	0	6665000	667	105	No	NA	CENTER	JU3125
II	6670000	6680000	0	6675000	668	105	No	NA	CENTER	JU3125
II	6680000	6690000	0	6685000	669	105	No	NA	CENTER	JU3125
II	6690000	6700000	0	6695000	670	105	No	NA	CENTER	JU3125
II	6700000	6710000	0	6705000	671	105	No	NA	CENTER	JU3125
II	6710000	6720000	2	6715000	672	105	No	NA	CENTER	JU3125
II	6720000	6730000	4	6725000	673	105	No	NA	CENTER	JU3125
II	6730000	6740000	9	6735000	674	105	No	NA	CENTER	JU3125
II	6740000	6750000	1	6745000	675	105	No	NA	CENTER	JU3125
II	6750000	6760000	6	6755000	676	105	No	NA	CENTER	JU3125
II	6760000	6770000	2	6765000	677	105	No	NA	CENTER	JU3125
II	6770000	6780000	1	6775000	678	105	No	NA	CENTER	JU3125
II	6780000	6790000	0	6785000	679	105	No	NA	CENTER	JU3125
II	6790000	6800000	2	6795000	680	105	No	NA	CENTER	JU3125
II	6800000	6810000	1	6805000	681	105	No	NA	CENTER	JU3125
II	6810000	6820000	1	6815000	682	105	No	NA	CENTER	JU3125
II	6820000	6830000	0	6825000	683	105	No	NA	CENTER	JU3125
II	6830000	6840000	0	6835000	684	105	No	NA	CENTER	JU3125
II	6840000	6850000	0	6845000	685	105	No	NA	CENTER	JU3125
II	6850000	6860000	1	6855000	686	105	No	NA	CENTER	JU3125
II	6860000	6870000	0	6865000	687	105	No	NA	CENTER	JU3125
II	6870000	6880000	0	6875000	688	105	No	NA	CENTER	JU3125
II	6880000	6890000	0	6885000	689	105	No	NA	CENTER	JU3125
II	6890000	6900000	1	6895000	690	105	No	NA	CENTER	JU3125
II	6900000	6910000	1	6905000	691	105	No	NA	CENTER	JU3125
II	6910000	6920000	0	6915000	692	105	No	NA	CENTER	JU3125
II	6920000	6930000	1	6925000	693	105	No	NA	CENTER	JU3125
II	6930000	6940000	1	6935000	694	105	No	NA	CENTER	JU3125
II	6940000	6950000	3	6945000	695	105	No	NA	CENTER	JU3125
II	6950000	6960000	0	6955000	696	105	No	NA	CENTER	JU3125
II	6960000	6970000	0	6965000	697	105	No	NA	CENTER	JU3125
II	6970000	6980000	0	6975000	698	105	No	NA	CENTER	JU3125
II	6980000	6990000	1	6985000	699	105	No	NA	CENTER	JU3125
II	6990000	7000000	1	6995000	700	105	No	NA	CENTER	JU3125
II	7000000	7010000	1	7005000	701	105	No	NA	CENTER	JU3125
II	7010000	7020000	0	7015000	702	105	No	NA	CENTER	JU3125
II	7020000	7030000	2	7025000	703	105	No	NA	CENTER	JU3125
II	7030000	7040000	0	7035000	704	105	No	NA	CENTER	JU3125
II	7040000	7050000	0	7045000	705	105	No	NA	CENTER	JU3125
II	7050000	7060000	0	7055000	706	105	No	NA	CENTER	JU3125
II	7060000	7070000	0	7065000	707	105	No	NA	CENTER	JU3125
II	7070000	7080000	1	7075000	708	105	No	NA	CENTER	JU3125
II	7080000	7090000	0	7085000	709	105	No	NA	CENTER	JU3125
II	7090000	7100000	0	7095000	710	105	No	NA	CENTER	JU3125
II	7100000	7110000	0	7105000	711	105	No	NA	CENTER	JU3125
II	7110000	7120000	0	7115000	712	105	No	NA	CENTER	JU3125
II	7120000	7130000	2	7125000	713	105	No	NA	CENTER	JU3125
II	7130000	7140000	0	7135000	714	105	No	NA	CENTER	JU3125
II	7140000	7150000	0	7145000	715	105	No	NA	CENTER	JU3125
II	7150000	7160000	1	7155000	716	105	No	NA	CENTER	JU3125
II	7160000	7170000	0	7165000	717	105	No	NA	CENTER	JU3125
II	7170000	7180000	0	7175000	718	105	No	NA	CENTER	JU3125
II	7180000	7190000	1	7185000	719	105	No	NA	CENTER	JU3125
II	7190000	7200000	0	7195000	720	105	No	NA	CENTER	JU3125
II	7200000	7210000	0	7205000	721	105	No	NA	CENTER	JU3125
II	7210000	7220000	0	7215000	722	105	No	NA	CENTER	JU3125
II	7220000	7230000	0	7225000	723	105	No	NA	CENTER	JU3125
II	7230000	7240000	0	7235000	724	105	No	NA	CENTER	JU3125
II	7240000	7250000	0	7245000	725	105	No	NA	CENTER	JU3125
II	7250000	7260000	0	7255000	726	105	No	NA	CENTER	JU3125
II	7260000	7270000	0	7265000	727	105	No	NA	CENTER	JU3125
II	7270000	7280000	0	7275000	728	105	No	NA	CENTER	JU3125
II	7280000	7290000	0	7285000	729	105	No	NA	CENTER	JU3125
II	7290000	7300000	1	7295000	730	105	No	NA	CENTER	JU3125
II	7300000	7310000	0	7305000	731	105	No	NA	CENTER	JU3125
II	7310000	7320000	1	7315000	732	105	No	NA	CENTER	JU3125
II	7320000	7330000	0	7325000	733	105	No	NA	CENTER	JU3125
II	7330000	7340000	1	7335000	734	105	No	NA	CENTER	JU3125
II	7340000	7350000	0	7345000	735	105	No	NA	CENTER	JU3125
II	7350000	7360000	0	7355000	736	105	No	NA	CENTER	JU3125
II	7360000	7370000	1	7365000	737	105	No	NA	CENTER	JU3125
II	7370000	7380000	2	7375000	738	105	No	NA	CENTER	JU3125
II	7380000	7390000	0	7385000	739	105	No	NA	CENTER	JU3125
II	7390000	7400000	0	7395000	740	105	No	NA	CENTER	JU3125
II	7400000	7410000	0	7405000	741	105	No	NA	CENTER	JU3125
II	7410000	7420000	0	7415000	742	105	No	NA	CENTER	JU3125
II	7420000	7430000	2	7425000	743	105	No	NA	CENTER	JU3125
II	7430000	7440000	1	7435000	744	105	No	NA	CENTER	JU3125
II	7440000	7450000	3	7445000	745	105	No	NA	CENTER	JU3125
II	7450000	7460000	0	7455000	746	105	No	NA	CENTER	JU3125
II	7460000	7470000	1	7465000	747	105	No	NA	CENTER	JU3125
II	7470000	7480000	0	7475000	748	105	No	NA	CENTER	JU3125
II	7480000	7490000	2	7485000	749	105	No	NA	CENTER	JU3125
II	7490000	7500000	1	7495000	750	105	No	NA	CENTER	JU3125
II	7500000	7510000	2	7505000	751	105	No	NA	CENTER	JU3125
II	7510000	7520000	1	7515000	752	105	No	NA	CENTER	JU3125
II	7520000	7530000	1	7525000	753	105	No	NA	CENTER	JU3125
II	7530000	7540000	0	7535000	754	105	No	NA	CENTER	JU3125
II	7540000	7550000	0	7545000	755	105	No	NA	CENTER	JU3125
II	7550000	7560000	0	7555000	756	105	No	NA	CENTER	JU3125
II	7560000	7570000	0	7565000	757	105	No	NA	CENTER	JU3125
II	7570000	7580000	1	7575000	758	105	No	NA	CENTER	JU3125
II	7580000	7590000	1	7585000	759	105	No	NA	CENTER	JU3125
II	7590000	7600000	0	7595000	760	105	No	NA	CENTER	JU3125
II	7600000	7610000	0	7605000	761	105	No	NA	CENTER	JU3125
II	7610000	7620000	3	7615000	762	105	No	NA	CENTER	JU3125
II	7620000	7630000	0	7625000	763	105	No	NA	CENTER	JU3125
II	7630000	7640000	0	7635000	764	105	No	NA	CENTER	JU3125
II	7640000	7650000	2	7645000	765	105	No	NA	CENTER	JU3125
II	7650000	7660000	0	7655000	766	105	No	NA	CENTER	JU3125
II	7660000	7670000	0	7665000	767	105	No	NA	CENTER	JU3125
II	7670000	7680000	3	7675000	768	105	No	NA	CENTER	JU3125
II	7680000	7690000	0	7685000	769	105	No	NA	CENTER	JU3125
II	7690000	7700000	6	7695000	770	105	No	NA	CENTER	JU3125
II	7700000	7710000	0	7705000	771	105	No	NA	CENTER	JU3125
II	7710000	7720000	0	7715000	772	105	No	NA	CENTER	JU3125
II	7720000	7730000	0	7725000	773	105	No	NA	CENTER	JU3125
II	7730000	7740000	0	7735000	774	105	No	NA	CENTER	JU3125
II	7740000	7750000	5	7745000	775	105	No	NA	CENTER	JU3125
II	7750000	7760000	0	7755000	776	105	No	NA	CENTER	JU3125
II	7760000	7770000	0	7765000	777	105	No	NA	CENTER	JU3125
II	7770000	7780000	0	7775000	778	105	No	NA	CENTER	JU3125
II	7780000	7790000	1	7785000	779	105	No	NA	CENTER	JU3125
II	7790000	7800000	0	7795000	780	105	No	NA	CENTER	JU3125
II	7800000	7810000	1	7805000	781	105	No	NA	CENTER	JU3125
II	7810000	7820000	0	7815000	782	105	No	NA	CENTER	JU3125
II	7820000	7830000	0	7825000	783	105	No	NA	CENTER	JU3125
II	7830000	7840000	0	7835000	784	105	No	NA	CENTER	JU3125
II	7840000	7850000	0	7845000	785	105	No	NA	CENTER	JU3125
II	7850000	7860000	0	7855000	786	105	No	NA	CENTER	JU3125
II	7860000	7870000	0	7865000	787	105	No	NA	CENTER	JU3125
II	7870000	7880000	0	7875000	788	105	No	NA	CENTER	JU3125
II	7880000	7890000	4	7885000	789	105	No	NA	CENTER	JU3125
II	7890000	7900000	1	7895000	790	105	No	NA	CENTER	JU3125
II	7900000	7910000	1	7905000	791	105	No	NA	CENTER	JU3125
II	7910000	7920000	3	7915000	792	105	No	NA	CENTER	JU3125
II	7920000	7930000	0	7925000	793	105	No	NA	CENTER	JU3125
II	7930000	7940000	0	7935000	794	105	No	NA	CENTER	JU3125
II	7940000	7950000	1	7945000	795	105	No	NA	CENTER	JU3125
II	7950000	7960000	0	7955000	796	105	No	NA	CENTER	JU3125
II	7960000	7970000	0	7965000	797	105	No	NA	CENTER	JU3125
II	7970000	7980000	0	7975000	798	105	No	NA	CENTER	JU3125
II	7980000	7990000	0	7985000	799	105	No	NA	CENTER	JU3125
II	7990000	8000000	0	7995000	800	105	No	NA	CENTER	JU3125
II	8000000	8010000	1	8005000	801	105	No	NA	CENTER	JU3125
II	8010000	8020000	0	8015000	802	105	No	NA	CENTER	JU3125
II	8020000	8030000	0	8025000	803	105	No	NA	CENTER	JU3125
II	8030000	8040000	0	8035000	804	105	No	NA	CENTER	JU3125
II	8040000	8050000	2	8045000	805	105	No	NA	CENTER	JU3125
II	8050000	8060000	0	8055000	806	105	No	NA	CENTER	JU3125
II	8060000	8070000	0	8065000	807	105	No	NA	CENTER	JU3125
II	8070000	8080000	0	8075000	808	105	No	NA	CENTER	JU3125
II	8080000	8090000	1	8085000	809	105	No	NA	CENTER	JU3125
II	8090000	8100000	0	8095000	810	105	No	NA	CENTER	JU3125
II	8100000	8110000	0	8105000	811	105	No	NA	CENTER	JU3125
II	8110000	8120000	0	8115000	812	105	No	NA	CENTER	JU3125
II	8120000	8130000	0	8125000	813	105	No	NA	CENTER	JU3125
II	8130000	8140000	0	8135000	814	105	No	NA	CENTER	JU3125
II	8140000	8150000	0	8145000	815	105	No	NA	CENTER	JU3125
II	8150000	8160000	0	8155000	816	105	No	NA	CENTER	JU3125
II	8160000	8170000	0	8165000	817	105	No	NA	CENTER	JU3125
II	8170000	8180000	1	8175000	818	105	No	NA	CENTER	JU3125
II	8180000	8190000	0	8185000	819	105	No	NA	CENTER	JU3125
II	8190000	8200000	0	8195000	820	105	No	NA	CENTER	JU3125
II	8200000	8210000	0	8205000	821	105	No	NA	CENTER	JU3125
II	8210000	8220000	0	8215000	822	105	No	NA	CENTER	JU3125
II	8220000	8230000	1	8225000	823	105	No	NA	CENTER	JU3125
II	8230000	8240000	0	8235000	824	105	No	NA	CENTER	JU3125
II	8240000	8250000	0	8245000	825	105	No	NA	CENTER	JU3125
II	8250000	8260000	0	8255000	826	105	No	NA	CENTER	JU3125
II	8260000	8270000	0	8265000	827	105	No	NA	CENTER	JU3125
II	8270000	8280000	1	8275000	828	105	No	NA	CENTER	JU3125
II	8280000	8290000	3	8285000	829	105	No	NA	CENTER	JU3125
II	8290000	8300000	5	8295000	830	105	No	NA	CENTER	JU3125
II	8300000	8310000	0	8305000	831	105	No	NA	CENTER	JU3125
II	8310000	8320000	1	8315000	832	105	No	NA	CENTER	JU3125
II	8320000	8330000	0	8325000	833	105	No	NA	CENTER	JU3125
II	8330000	8340000	0	8335000	834	105	No	NA	CENTER	JU3125
II	8340000	8350000	1	8345000	835	105	No	NA	CENTER	JU3125
II	8350000	8360000	0	8355000	836	105	No	NA	CENTER	JU3125
II	8360000	8370000	1	8365000	837	105	No	NA	CENTER	JU3125
II	8370000	8380000	0	8375000	838	105	No	NA	CENTER	JU3125
II	8380000	8390000	1	8385000	839	105	No	NA	CENTER	JU3125
II	8390000	8400000	0	8395000	840	105	No	NA	CENTER	JU3125
II	8400000	8410000	1	8405000	841	105	No	NA	CENTER	JU3125
II	8410000	8420000	0	8415000	842	105	No	NA	CENTER	JU3125
II	8420000	8430000	0	8425000	843	105	No	NA	CENTER	JU3125
II	8430000	8440000	0	8435000	844	105	No	NA	CENTER	JU3125
II	8440000	8450000	1	8445000	845	105	No	NA	CENTER	JU3125
II	8450000	8460000	0	8455000	846	105	No	NA	CENTER	JU3125
II	8460000	8470000	1	8465000	847	105	No	NA	CENTER	JU3125
II	8470000	8480000	0	8475000	848	105	No	NA	CENTER	JU3125
II	8480000	8490000	1	8485000	849	105	No	NA	CENTER	JU3125
II	8490000	8500000	0	8495000	850	105	No	NA	CENTER	JU3125
II	8500000	8510000	0	8505000	851	105	No	NA	CENTER	JU3125
II	8510000	8520000	1	8515000	852	105	No	NA	CENTER	JU3125
II	8520000	8530000	0	8525000	853	105	No	NA	CENTER	JU3125
II	8530000	8540000	1	8535000	854	105	No	NA	CENTER	JU3125
II	8540000	8550000	0	8545000	855	105	No	NA	CENTER	JU3125
II	8550000	8560000	0	8555000	856	105	No	NA	CENTER	JU3125
II	8560000	8570000	0	8565000	857	105	No	NA	CENTER	JU3125
II	8570000	8580000	0	8575000	858	105	No	NA	CENTER	JU3125
II	8580000	8590000	0	8585000	859	105	No	NA	CENTER	JU3125
II	8590000	8600000	1	8595000	860	105	No	NA	CENTER	JU3125
II	8600000	8610000	0	8605000	861	105	No	NA	CENTER	JU3125
II	8610000	8620000	0	8615000	862	105	No	NA	CENTER	JU3125
II	8620000	8630000	0	8625000	863	105	No	NA	CENTER	JU3125
II	8630000	8640000	0	8635000	864	105	No	NA	CENTER	JU3125
II	8640000	8650000	0	8645000	865	105	No	NA	CENTER	JU3125
II	8650000	8660000	0	8655000	866	105	No	NA	CENTER	JU3125
II	8660000	8670000	0	8665000	867	105	No	NA	CENTER	JU3125
II	8670000	8680000	0	8675000	868	105	No	NA	CENTER	JU3125
II	8680000	8690000	1	8685000	869	105	No	NA	CENTER	JU3125
II	8690000	8700000	1	8695000	870	105	No	NA	CENTER	JU3125
II	8700000	8710000	1	8705000	871	105	No	NA	CENTER	JU3125
II	8710000	8720000	1	8715000	872	105	No	NA	CENTER	JU3125
II	8720000	8730000	2	8725000	873	105	No	NA	CENTER	JU3125
II	8730000	8740000	0	8735000	874	105	No	NA	CENTER	JU3125
II	8740000	8750000	1	8745000	875	105	No	NA	CENTER	JU3125
II	8750000	8760000	0	8755000	876	105	No	NA	CENTER	JU3125
II	8760000	8770000	1	8765000	877	105	No	NA	CENTER	JU3125
II	8770000	8780000	0	8775000	878	105	No	NA	CENTER	JU3125
II	8780000	8790000	0	8785000	879	105	No	NA	CENTER	JU3125
II	8790000	8800000	0	8795000	880	105	No	NA	CENTER	JU3125
II	8800000	8810000	0	8805000	881	105	No	NA	CENTER	JU3125
II	8810000	8820000	1	8815000	882	105	No	NA	CENTER	JU3125
II	8820000	8830000	0	8825000	883	105	No	NA	CENTER	JU3125
II	8830000	8840000	0	8835000	884	105	No	NA	CENTER	JU3125
II	8840000	8850000	0	8845000	885	105	No	NA	CENTER	JU3125
II	8850000	8860000	0	8855000	886	105	No	NA	CENTER	JU3125
II	8860000	8870000	1	8865000	887	105	No	NA	CENTER	JU3125
II	8870000	8880000	0	8875000	888	105	No	NA	CENTER	JU3125
II	8880000	8890000	1	8885000	889	105	No	NA	CENTER	JU3125
II	8890000	8900000	1	8895000	890	105	No	NA	CENTER	JU3125
II	8900000	8910000	1	8905000	891	105	No	NA	CENTER	JU3125
II	8910000	8920000	2	8915000	892	105	No	NA	CENTER	JU3125
II	8920000	8930000	1	8925000	893	105	No	NA	CENTER	JU3125
II	8930000	8940000	0	8935000	894	105	No	NA	CENTER	JU3125
II	8940000	8950000	0	8945000	895	105	No	NA	CENTER	JU3125
II	8950000	8960000	0	8955000	896	105	No	NA	CENTER	JU3125
II	8960000	8970000	0	8965000	897	105	No	NA	CENTER	JU3125
II	8970000	8980000	0	8975000	898	105	No	NA	CENTER	JU3125
II	8980000	8990000	0	8985000	899	105	No	NA	CENTER	JU3125
II	8990000	9000000	0	8995000	900	105	No	NA	CENTER	JU3125
II	9000000	9010000	0	9005000	901	105	No	NA	CENTER	JU3125
II	9010000	9020000	0	9015000	902	105	No	NA	CENTER	JU3125
II	9020000	9030000	0	9025000	903	105	No	NA	CENTER	JU3125
II	9030000	9040000	0	9035000	904	105	No	NA	CENTER	JU3125
II	9040000	9050000	0	9045000	905	105	No	NA	CENTER	JU3125
II	9050000	9060000	0	9055000	906	105	No	NA	CENTER	JU3125
II	9060000	9070000	1	9065000	907	105	No	NA	CENTER	JU3125
II	9070000	9080000	0	9075000	908	105	No	NA	CENTER	JU3125
II	9080000	9090000	0	9085000	909	105	No	NA	CENTER	JU3125
II	9090000	9100000	2	9095000	910	105	No	NA	CENTER	JU3125
II	9100000	9110000	1	9105000	911	105	No	NA	CENTER	JU3125
II	9110000	9120000	0	9115000	912	105	No	NA	CENTER	JU3125
II	9120000	9130000	0	9125000	913	105	No	NA	CENTER	JU3125
II	9130000	9140000	0	9135000	914	105	No	NA	CENTER	JU3125
II	9140000	9150000	0	9145000	915	105	No	NA	CENTER	JU3125
II	9150000	9160000	0	9155000	916	105	No	NA	CENTER	JU3125
II	9160000	9170000	1	9165000	917	105	No	NA	CENTER	JU3125
II	9170000	9180000	1	9175000	918	105	No	NA	CENTER	JU3125
II	9180000	9190000	0	9185000	919	105	No	NA	CENTER	JU3125
II	9190000	9200000	0	9195000	920	105	No	NA	CENTER	JU3125
II	9200000	9210000	0	9205000	921	105	No	NA	CENTER	JU3125
II	9210000	9220000	0	9215000	922	105	No	NA	CENTER	JU3125
II	9220000	9230000	1	9225000	923	105	No	NA	CENTER	JU3125
II	9230000	9240000	0	9235000	924	105	No	NA	CENTER	JU3125
II	9240000	9250000	0	9245000	925	105	No	NA	CENTER	JU3125
II	9250000	9260000	0	9255000	926	105	No	NA	CENTER	JU3125
II	9260000	9270000	0	9265000	927	105	No	NA	CENTER	JU3125
II	9270000	9280000	0	9275000	928	105	No	NA	CENTER	JU3125
II	9280000	9290000	0	9285000	929	105	No	NA	CENTER	JU3125
II	9290000	9300000	0	9295000	930	105	No	NA	CENTER	JU3125
II	9300000	9310000	1	9305000	931	105	No	NA	CENTER	JU3125
II	9310000	9320000	0	9315000	932	105	No	NA	CENTER	JU3125
II	9320000	9330000	1	9325000	933	105	No	NA	CENTER	JU3125
II	9330000	9340000	0	9335000	934	105	No	NA	CENTER	JU3125
II	9340000	9350000	0	9345000	935	105	No	NA	CENTER	JU3125
II	9350000	9360000	0	9355000	936	105	No	NA	CENTER	JU3125
II	9360000	9370000	1	9365000	937	105	No	NA	CENTER	JU3125
II	9370000	9380000	0	9375000	938	105	No	NA	CENTER	JU3125
II	9380000	9390000	1	9385000	939	105	No	NA	CENTER	JU3125
II	9390000	9400000	0	9395000	940	105	No	NA	CENTER	JU3125
II	9400000	9410000	2	9405000	941	105	No	NA	CENTER	JU3125
II	9410000	9420000	1	9415000	942	105	No	NA	CENTER	JU3125
II	9420000	9430000	1	9425000	943	105	No	NA	CENTER	JU3125
II	9430000	9440000	0	9435000	944	105	No	NA	CENTER	JU3125
II	9440000	9450000	0	9445000	945	105	No	NA	CENTER	JU3125
II	9450000	9460000	0	9455000	946	105	No	NA	CENTER	JU3125
II	9460000	9470000	0	9465000	947	105	No	NA	CENTER	JU3125
II	9470000	9480000	1	9475000	948	105	No	NA	CENTER	JU3125
II	9480000	9490000	1	9485000	949	105	No	NA	CENTER	JU3125
II	9490000	9500000	1	9495000	950	105	No	NA	CENTER	JU3125
II	9500000	9510000	3	9505000	951	105	No	NA	CENTER	JU3125
II	9510000	9520000	0	9515000	952	105	No	NA	CENTER	JU3125
II	9520000	9530000	1	9525000	953	105	No	NA	CENTER	JU3125
II	9530000	9540000	0	9535000	954	105	No	NA	CENTER	JU3125
II	9540000	9550000	0	9545000	955	105	No	NA	CENTER	JU3125
II	9550000	9560000	0	9555000	956	105	No	NA	CENTER	JU3125
II	9560000	9570000	1	9565000	957	105	No	NA	CENTER	JU3125
II	9570000	9580000	1	9575000	958	105	No	NA	CENTER	JU3125
II	9580000	9590000	3	9585000	959	105	No	NA	CENTER	JU3125
II	9590000	9600000	0	9595000	960	105	No	NA	CENTER	JU3125
II	9600000	9610000	0	9605000	961	105	No	NA	CENTER	JU3125
II	9610000	9620000	1	9615000	962	105	No	NA	CENTER	JU3125
II	9620000	9630000	0	9625000	963	105	No	NA	CENTER	JU3125
II	9630000	9640000	1	9635000	964	105	No	NA	CENTER	JU3125
II	9640000	9650000	0	9645000	965	105	No	NA	CENTER	JU3125
II	9650000	9660000	0	9655000	966	105	No	NA	CENTER	JU3125
II	9660000	9670000	1	9665000	967	105	No	NA	CENTER	JU3125
II	9670000	9680000	0	9675000	968	105	No	NA	CENTER	JU3125
II	9680000	9690000	0	9685000	969	105	No	NA	CENTER	JU3125
II	9690000	9700000	0	9695000	970	105	No	NA	CENTER	JU3125
II	9700000	9710000	1	9705000	971	105	No	NA	CENTER	JU3125
II	9710000	9720000	2	9715000	972	105	No	NA	CENTER	JU3125
II	9720000	9730000	0	9725000	973	105	No	NA	CENTER	JU3125
II	9730000	9740000	0	9735000	974	105	No	NA	CENTER	JU3125
II	9740000	9750000	0	9745000	975	105	No	NA	CENTER	JU3125
II	9750000	9760000	0	9755000	976	105	No	NA	CENTER	JU3125
II	9760000	9770000	0	9765000	977	105	No	NA	CENTER	JU3125
II	9770000	9780000	1	9775000	978	105	No	NA	CENTER	JU3125
II	9780000	9790000	0	9785000	979	105	No	NA	CENTER	JU3125
II	9790000	9800000	0	9795000	980	105	No	NA	CENTER	JU3125
II	9800000	9810000	0	9805000	981	105	No	NA	CENTER	JU3125
II	9810000	9820000	0	9815000	982	105	No	NA	CENTER	JU3125
II	9820000	9830000	0	9825000	983	105	No	NA	CENTER	JU3125
II	9830000	9840000	0	9835000	984	105	No	NA	CENTER	JU3125
II	9840000	9850000	0	9845000	985	105	No	NA	CENTER	JU3125
II	9850000	9860000	0	9855000	986	105	No	NA	CENTER	JU3125
II	9860000	9870000	3	9865000	987	105	No	NA	CENTER	JU3125
II	9870000	9880000	1	9875000	988	105	No	NA	CENTER	JU3125
II	9880000	9890000	0	9885000	989	105	No	NA	CENTER	JU3125
II	9890000	9900000	1	9895000	990	105	No	NA	CENTER	JU3125
II	9900000	9910000	0	9905000	991	105	No	NA	CENTER	JU3125
II	9910000	9920000	0	9915000	992	105	No	NA	CENTER	JU3125
II	9920000	9930000	0	9925000	993	105	No	NA	CENTER	JU3125
II	9930000	9940000	0	9935000	994	105	No	NA	CENTER	JU3125
II	9940000	9950000	1	9945000	995	105	No	NA	CENTER	JU3125
II	9950000	9960000	0	9955000	996	105	No	NA	CENTER	JU3125
II	9960000	9970000	0	9965000	997	105	No	NA	CENTER	JU3125
II	9970000	9980000	0	9975000	998	105	No	NA	CENTER	JU3125
II	9980000	9990000	1	9985000	999	105	No	NA	CENTER	JU3125
II	9990000	10000000	0	9995000	1000	105	No	NA	CENTER	JU3125
II	10000000	10010000	0	10005000	1001	105	No	NA	CENTER	JU3125
II	10010000	10020000	1	10015000	1002	105	No	NA	CENTER	JU3125
II	10020000	10030000	0	10025000	1003	105	No	NA	CENTER	JU3125
II	10030000	10040000	1	10035000	1004	105	No	NA	CENTER	JU3125
II	10040000	10050000	0	10045000	1005	105	No	NA	CENTER	JU3125
II	10050000	10060000	0	10055000	1006	105	No	NA	CENTER	JU3125
II	10060000	10070000	2	10065000	1007	105	No	NA	CENTER	JU3125
II	10070000	10080000	0	10075000	1008	105	No	NA	CENTER	JU3125
II	10080000	10090000	0	10085000	1009	105	No	NA	CENTER	JU3125
II	10090000	10100000	0	10095000	1010	105	No	NA	CENTER	JU3125
II	10100000	10110000	0	10105000	1011	105	No	NA	CENTER	JU3125
II	10110000	10120000	0	10115000	1012	105	No	NA	CENTER	JU3125
II	10120000	10130000	0	10125000	1013	105	No	NA	CENTER	JU3125
II	10130000	10140000	3	10135000	1014	105	No	NA	CENTER	JU3125
II	10140000	10150000	0	10145000	1015	105	No	NA	CENTER	JU3125
II	10150000	10160000	0	10155000	1016	105	No	NA	CENTER	JU3125
II	10160000	10170000	0	10165000	1017	105	No	NA	CENTER	JU3125
II	10170000	10180000	0	10175000	1018	105	No	NA	CENTER	JU3125
II	10180000	10190000	1	10185000	1019	105	No	NA	CENTER	JU3125
II	10190000	10200000	0	10195000	1020	105	No	NA	CENTER	JU3125
II	10200000	10210000	0	10205000	1021	105	No	NA	CENTER	JU3125
II	10210000	10220000	0	10215000	1022	105	No	NA	CENTER	JU3125
II	10220000	10230000	0	10225000	1023	105	No	NA	CENTER	JU3125
II	10230000	10240000	1	10235000	1024	105	No	NA	CENTER	JU3125
II	10240000	10250000	0	10245000	1025	105	No	NA	CENTER	JU3125
II	10250000	10260000	1	10255000	1026	105	No	NA	CENTER	JU3125
II	10260000	10270000	0	10265000	1027	105	No	NA	CENTER	JU3125
II	10270000	10280000	0	10275000	1028	105	No	NA	CENTER	JU3125
II	10280000	10290000	0	10285000	1029	105	No	NA	CENTER	JU3125
II	10290000	10300000	0	10295000	1030	105	No	NA	CENTER	JU3125
II	10300000	10310000	1	10305000	1031	105	No	NA	CENTER	JU3125
II	10310000	10320000	1	10315000	1032	105	No	NA	CENTER	JU3125
II	10320000	10330000	0	10325000	1033	105	No	NA	CENTER	JU3125
II	10330000	10340000	1	10335000	1034	105	No	NA	CENTER	JU3125
II	10340000	10350000	2	10345000	1035	105	No	NA	CENTER	JU3125
II	10350000	10360000	0	10355000	1036	105	No	NA	CENTER	JU3125
II	10360000	10370000	0	10365000	1037	105	No	NA	CENTER	JU3125
II	10370000	10380000	0	10375000	1038	105	No	NA	CENTER	JU3125
II	10380000	10390000	0	10385000	1039	105	No	NA	CENTER	JU3125
II	10390000	10400000	1	10395000	1040	105	No	NA	CENTER	JU3125
II	10400000	10410000	0	10405000	1041	105	No	NA	CENTER	JU3125
II	10410000	10420000	1	10415000	1042	105	No	NA	CENTER	JU3125
II	10420000	10430000	0	10425000	1043	105	No	NA	CENTER	JU3125
II	10430000	10440000	2	10435000	1044	105	No	NA	CENTER	JU3125
II	10440000	10450000	0	10445000	1045	105	No	NA	CENTER	JU3125
II	10450000	10460000	0	10455000	1046	105	No	NA	CENTER	JU3125
II	10460000	10470000	0	10465000	1047	105	No	NA	CENTER	JU3125
II	10470000	10480000	0	10475000	1048	105	No	NA	CENTER	JU3125
II	10480000	10490000	0	10485000	1049	105	No	NA	CENTER	JU3125
II	10490000	10500000	0	10495000	1050	105	No	NA	CENTER	JU3125
II	10500000	10510000	0	10505000	1051	105	No	NA	CENTER	JU3125
II	10510000	10520000	0	10515000	1052	105	No	NA	CENTER	JU3125
II	10520000	10530000	0	10525000	1053	105	No	NA	CENTER	JU3125
II	10530000	10540000	0	10535000	1054	105	No	NA	CENTER	JU3125
II	10540000	10550000	1	10545000	1055	105	No	NA	CENTER	JU3125
II	10550000	10560000	1	10555000	1056	105	No	NA	CENTER	JU3125
II	10560000	10570000	0	10565000	1057	105	No	NA	CENTER	JU3125
II	10570000	10580000	0	10575000	1058	105	No	NA	CENTER	JU3125
II	10580000	10590000	1	10585000	1059	105	No	NA	CENTER	JU3125
II	10590000	10600000	1	10595000	1060	105	No	NA	CENTER	JU3125
II	10600000	10610000	0	10605000	1061	105	No	NA	CENTER	JU3125
II	10610000	10620000	1	10615000	1062	105	No	NA	CENTER	JU3125
II	10620000	10630000	1	10625000	1063	105	No	NA	CENTER	JU3125
II	10630000	10640000	0	10635000	1064	105	No	NA	CENTER	JU3125
II	10640000	10650000	0	10645000	1065	105	No	NA	CENTER	JU3125
II	10650000	10660000	1	10655000	1066	105	No	NA	CENTER	JU3125
II	10660000	10670000	0	10665000	1067	105	No	NA	CENTER	JU3125
II	10670000	10680000	0	10675000	1068	105	No	NA	CENTER	JU3125
II	10680000	10690000	0	10685000	1069	105	No	NA	CENTER	JU3125
II	10690000	10700000	2	10695000	1070	105	No	NA	CENTER	JU3125
II	10700000	10710000	0	10705000	1071	105	No	NA	CENTER	JU3125
II	10710000	10720000	1	10715000	1072	105	No	NA	CENTER	JU3125
II	10720000	10730000	1	10725000	1073	105	No	NA	CENTER	JU3125
II	10730000	10740000	1	10735000	1074	105	No	NA	CENTER	JU3125
II	10740000	10750000	0	10745000	1075	105	No	NA	CENTER	JU3125
II	10750000	10760000	0	10755000	1076	105	No	NA	CENTER	JU3125
II	10760000	10770000	0	10765000	1077	105	No	NA	CENTER	JU3125
II	10770000	10780000	1	10775000	1078	105	No	NA	CENTER	JU3125
II	10780000	10790000	2	10785000	1079	105	No	NA	CENTER	JU3125
II	10790000	10800000	0	10795000	1080	105	No	NA	CENTER	JU3125
II	10800000	10810000	2	10805000	1081	105	No	NA	CENTER	JU3125
II	10810000	10820000	0	10815000	1082	105	No	NA	CENTER	JU3125
II	10820000	10830000	3	10825000	1083	105	No	NA	CENTER	JU3125
II	10830000	10840000	3	10835000	1084	105	No	NA	CENTER	JU3125
II	10840000	10850000	1	10845000	1085	105	No	NA	CENTER	JU3125
II	10850000	10860000	1	10855000	1086	105	No	NA	CENTER	JU3125
II	10860000	10870000	0	10865000	1087	105	No	NA	CENTER	JU3125
II	10870000	10880000	1	10875000	1088	105	No	NA	CENTER	JU3125
II	10880000	10890000	0	10885000	1089	105	No	NA	CENTER	JU3125
II	10890000	10900000	0	10895000	1090	105	No	NA	CENTER	JU3125
II	10900000	10910000	0	10905000	1091	105	No	NA	CENTER	JU3125
II	10910000	10920000	1	10915000	1092	105	No	NA	CENTER	JU3125
II	10920000	10930000	0	10925000	1093	105	No	NA	CENTER	JU3125
II	10930000	10940000	2	10935000	1094	105	No	NA	CENTER	JU3125
II	10940000	10950000	0	10945000	1095	105	No	NA	CENTER	JU3125
II	10950000	10960000	0	10955000	1096	105	No	NA	CENTER	JU3125
II	10960000	10970000	0	10965000	1097	105	No	NA	CENTER	JU3125
II	10970000	10980000	0	10975000	1098	105	No	NA	CENTER	JU3125
II	10980000	10990000	0	10985000	1099	105	No	NA	CENTER	JU3125
II	10990000	11000000	1	10995000	1100	105	No	NA	CENTER	JU3125
II	11000000	11010000	2	11005000	1101	105	No	NA	CENTER	JU3125
II	11010000	11020000	0	11015000	1102	105	No	NA	CENTER	JU3125
II	11020000	11030000	2	11025000	1103	105	No	NA	CENTER	JU3125
II	11030000	11040000	0	11035000	1104	105	No	NA	CENTER	JU3125
II	11040000	11050000	0	11045000	1105	105	No	NA	CENTER	JU3125
II	11050000	11060000	1	11055000	1106	105	No	NA	CENTER	JU3125
II	11060000	11070000	0	11065000	1107	105	No	NA	CENTER	JU3125
II	11070000	11080000	0	11075000	1108	105	No	NA	CENTER	JU3125
II	11080000	11090000	0	11085000	1109	105	No	NA	CENTER	JU3125
II	11090000	11100000	0	11095000	1110	105	No	NA	CENTER	JU3125
II	11100000	11110000	0	11105000	1111	105	No	NA	CENTER	JU3125
II	11110000	11120000	0	11115000	1112	105	No	NA	CENTER	JU3125
II	11120000	11130000	2	11125000	1113	105	No	NA	CENTER	JU3125
II	11130000	11140000	1	11135000	1114	105	No	NA	CENTER	JU3125
II	11140000	11150000	0	11145000	1115	105	No	NA	CENTER	JU3125
II	11150000	11160000	0	11155000	1116	105	No	NA	CENTER	JU3125
II	11160000	11170000	1	11165000	1117	105	No	NA	CENTER	JU3125
II	11170000	11180000	1	11175000	1118	105	No	NA	CENTER	JU3125
II	11180000	11190000	2	11185000	1119	105	No	NA	CENTER	JU3125
II	11190000	11200000	0	11195000	1120	105	No	NA	CENTER	JU3125
II	11200000	11210000	0	11205000	1121	105	No	NA	CENTER	JU3125
II	11210000	11220000	4	11215000	1122	105	No	NA	CENTER	JU3125
II	11220000	11230000	1	11225000	1123	105	No	NA	CENTER	JU3125
II	11230000	11240000	1	11235000	1124	105	No	NA	CENTER	JU3125
II	11240000	11250000	0	11245000	1125	105	No	NA	CENTER	JU3125
II	11250000	11260000	0	11255000	1126	105	No	NA	CENTER	JU3125
II	11260000	11270000	0	11265000	1127	105	No	NA	CENTER	JU3125
II	11270000	11280000	0	11275000	1128	105	No	NA	CENTER	JU3125
II	11280000	11290000	2	11285000	1129	105	No	NA	CENTER	JU3125
II	11290000	11300000	0	11295000	1130	105	No	NA	CENTER	JU3125
II	11300000	11310000	0	11305000	1131	105	No	NA	CENTER	JU3125
II	11310000	11320000	2	11315000	1132	105	No	NA	CENTER	JU3125
II	11320000	11330000	1	11325000	1133	105	No	NA	CENTER	JU3125
II	11330000	11340000	0	11335000	1134	105	No	NA	CENTER	JU3125
II	11340000	11350000	0	11345000	1135	105	No	NA	CENTER	JU3125
II	11350000	11360000	0	11355000	1136	105	No	NA	CENTER	JU3125
II	11360000	11370000	1	11365000	1137	105	No	NA	CENTER	JU3125
II	11370000	11380000	0	11375000	1138	105	No	NA	CENTER	JU3125
II	11380000	11390000	1	11385000	1139	105	No	NA	CENTER	JU3125
II	11390000	11400000	1	11395000	1140	105	No	NA	CENTER	JU3125
II	11400000	11410000	0	11405000	1141	105	No	NA	CENTER	JU3125
II	11410000	11420000	1	11415000	1142	105	No	NA	CENTER	JU3125
II	11420000	11430000	1	11425000	1143	105	No	NA	CENTER	JU3125
II	11430000	11440000	0	11435000	1144	105	No	NA	CENTER	JU3125
II	11440000	11450000	0	11445000	1145	105	No	NA	CENTER	JU3125
II	11450000	11460000	0	11455000	1146	105	No	NA	CENTER	JU3125
II	11460000	11470000	0	11465000	1147	105	No	NA	CENTER	JU3125
II	11470000	11480000	0	11475000	1148	105	No	NA	CENTER	JU3125
II	11480000	11490000	0	11485000	1149	105	No	NA	CENTER	JU3125
II	11490000	11500000	1	11495000	1150	105	No	NA	CENTER	JU3125
II	11500000	11510000	1	11505000	1151	105	No	NA	CENTER	JU3125
II	11510000	11520000	0	11515000	1152	105	No	NA	CENTER	JU3125
II	11520000	11530000	0	11525000	1153	105	No	NA	CENTER	JU3125
II	11530000	11540000	1	11535000	1154	105	No	NA	CENTER	JU3125
II	11540000	11550000	0	11545000	1155	105	No	NA	CENTER	JU3125
II	11550000	11560000	1	11555000	1156	105	No	NA	CENTER	JU3125
II	11560000	11570000	1	11565000	1157	105	No	NA	CENTER	JU3125
II	11570000	11580000	1	11575000	1158	105	No	NA	CENTER	JU3125
II	11580000	11590000	0	11585000	1159	105	No	NA	CENTER	JU3125
II	11590000	11600000	1	11595000	1160	105	No	NA	CENTER	JU3125
II	11600000	11610000	0	11605000	1161	105	No	NA	CENTER	JU3125
II	11610000	11620000	0	11615000	1162	105	No	NA	CENTER	JU3125
II	11620000	11630000	0	11625000	1163	105	No	NA	CENTER	JU3125
II	11630000	11640000	1	11635000	1164	105	No	NA	CENTER	JU3125
II	11640000	11650000	0	11645000	1165	105	No	NA	CENTER	JU3125
II	11650000	11660000	0	11655000	1166	105	No	NA	CENTER	JU3125
II	11660000	11670000	0	11665000	1167	105	No	NA	CENTER	JU3125
II	11670000	11680000	1	11675000	1168	105	No	NA	CENTER	JU3125
II	11680000	11690000	1	11685000	1169	105	No	NA	CENTER	JU3125
II	11690000	11700000	0	11695000	1170	105	No	NA	CENTER	JU3125
II	11700000	11710000	1	11705000	1171	105	No	NA	CENTER	JU3125
II	11710000	11720000	1	11715000	1172	105	No	NA	CENTER	JU3125
II	11720000	11730000	0	11725000	1173	105	No	NA	CENTER	JU3125
II	11730000	11740000	0	11735000	1174	105	No	NA	CENTER	JU3125
II	11740000	11750000	0	11745000	1175	105	No	NA	CENTER	JU3125
II	11750000	11760000	0	11755000	1176	105	No	NA	CENTER	JU3125
II	11760000	11770000	1	11765000	1177	105	No	NA	CENTER	JU3125
II	11770000	11780000	1	11775000	1178	105	No	NA	CENTER	JU3125
II	11780000	11790000	1	11785000	1179	105	No	NA	CENTER	JU3125
II	11790000	11800000	0	11795000	1180	105	No	NA	CENTER	JU3125
II	11800000	11810000	2	11805000	1181	105	No	NA	CENTER	JU3125
II	11810000	11820000	0	11815000	1182	105	No	NA	CENTER	JU3125
II	11820000	11830000	0	11825000	1183	105	No	NA	CENTER	JU3125
II	11830000	11840000	0	11835000	1184	105	No	NA	CENTER	JU3125
II	11840000	11850000	0	11845000	1185	105	No	NA	CENTER	JU3125
II	11850000	11860000	0	11855000	1186	105	No	NA	CENTER	JU3125
II	11860000	11870000	1	11865000	1187	105	No	NA	CENTER	JU3125
II	11870000	11880000	0	11875000	1188	105	No	NA	CENTER	JU3125
II	11880000	11890000	1	11885000	1189	105	No	NA	CENTER	JU3125
II	11890000	11900000	0	11895000	1190	105	No	NA	CENTER	JU3125
II	11900000	11910000	1	11905000	1191	105	No	NA	CENTER	JU3125
II	11910000	11920000	0	11915000	1192	105	No	NA	CENTER	JU3125
II	11920000	11930000	1	11925000	1193	105	No	NA	CENTER	JU3125
II	11930000	11940000	2	11935000	1194	105	No	NA	CENTER	JU3125
II	11940000	11950000	1	11945000	1195	105	No	NA	CENTER	JU3125
II	11950000	11960000	0	11955000	1196	105	No	NA	CENTER	JU3125
II	11960000	11970000	2	11965000	1197	105	No	NA	CENTER	JU3125
II	11970000	11980000	0	11975000	1198	105	No	NA	CENTER	JU3125
II	11980000	11990000	1	11985000	1199	105	No	NA	CENTER	JU3125
II	11990000	12000000	1	11995000	1200	105	No	NA	CENTER	JU3125
II	12000000	12010000	0	12005000	1201	105	No	NA	CENTER	JU3125
II	12010000	12020000	1	12015000	1202	105	No	NA	CENTER	JU3125
II	12020000	12030000	0	12025000	1203	105	No	NA	RIGHT_ARM	JU3125
II	12030000	12040000	0	12035000	1204	105	No	NA	RIGHT_ARM	JU3125
II	12040000	12050000	0	12045000	1205	105	No	NA	RIGHT_ARM	JU3125
II	12050000	12060000	3	12055000	1206	105	No	NA	RIGHT_ARM	JU3125
II	12060000	12070000	0	12065000	1207	105	No	NA	RIGHT_ARM	JU3125
II	12070000	12080000	0	12075000	1208	105	No	NA	RIGHT_ARM	JU3125
II	12080000	12090000	1	12085000	1209	105	No	NA	RIGHT_ARM	JU3125
II	12090000	12100000	1	12095000	1210	105	No	NA	RIGHT_ARM	JU3125
II	12100000	12110000	1	12105000	1211	105	No	NA	RIGHT_ARM	JU3125
II	12110000	12120000	0	12115000	1212	105	No	NA	RIGHT_ARM	JU3125
II	12120000	12130000	0	12125000	1213	105	No	NA	RIGHT_ARM	JU3125
II	12130000	12140000	0	12135000	1214	105	No	NA	RIGHT_ARM	JU3125
II	12140000	12150000	0	12145000	1215	105	No	NA	RIGHT_ARM	JU3125
II	12150000	12160000	0	12155000	1216	105	No	NA	RIGHT_ARM	JU3125
II	12160000	12170000	1	12165000	1217	105	No	NA	RIGHT_ARM	JU3125
II	12170000	12180000	7	12175000	1218	105	No	NA	RIGHT_ARM	JU3125
II	12180000	12190000	2	12185000	1219	105	No	NA	RIGHT_ARM	JU3125
II	12190000	12200000	0	12195000	1220	105	No	NA	RIGHT_ARM	JU3125
II	12200000	12210000	0	12205000	1221	105	No	NA	RIGHT_ARM	JU3125
II	12210000	12220000	6	12215000	1222	105	No	NA	RIGHT_ARM	JU3125
II	12220000	12230000	28	12225000	1223	105	No	NA	RIGHT_ARM	JU3125
II	12230000	12240000	59	12235000	1224	105	No	NA	RIGHT_ARM	JU3125
II	12240000	12250000	22	12245000	1225	105	No	NA	RIGHT_ARM	JU3125
II	12250000	12260000	58	12255000	1226	105	No	NA	RIGHT_ARM	JU3125
II	12260000	12270000	29	12265000	1227	105	No	NA	RIGHT_ARM	JU3125
II	12270000	12280000	42	12275000	1228	105	No	NA	RIGHT_ARM	JU3125
II	12280000	12290000	35	12285000	1229	105	No	NA	RIGHT_ARM	JU3125
II	12290000	12300000	59	12295000	1230	105	No	NA	RIGHT_ARM	JU3125
II	12300000	12310000	80	12305000	1231	105	No	NA	RIGHT_ARM	JU3125
II	12310000	12320000	55	12315000	1232	105	No	NA	RIGHT_ARM	JU3125
II	12320000	12330000	55	12325000	1233	105	No	NA	RIGHT_ARM	JU3125
II	12330000	12340000	50	12335000	1234	105	No	NA	RIGHT_ARM	JU3125
II	12340000	12350000	50	12345000	1235	105	No	NA	RIGHT_ARM	JU3125
II	12350000	12360000	37	12355000	1236	105	No	NA	RIGHT_ARM	JU3125
II	12360000	12370000	47	12365000	1237	105	No	NA	RIGHT_ARM	JU3125
II	12370000	12380000	49	12375000	1238	105	No	NA	RIGHT_ARM	JU3125
II	12380000	12390000	33	12385000	1239	105	No	NA	RIGHT_ARM	JU3125
II	12390000	12400000	38	12395000	1240	105	No	NA	RIGHT_ARM	JU3125
II	12400000	12410000	156	12405000	1241	27	Yes	Up	RIGHT_ARM	JU3125
II	12410000	12420000	45	12415000	1242	105	No	NA	RIGHT_ARM	JU3125
II	12420000	12430000	92	12425000	1243	73	Yes	Up	RIGHT_ARM	JU3125
II	12430000	12440000	36	12435000	1244	105	No	NA	RIGHT_ARM	JU3125
II	12440000	12450000	46	12445000	1245	105	No	NA	RIGHT_ARM	JU3125
II	12450000	12460000	65	12455000	1246	105	No	NA	RIGHT_ARM	JU3125
II	12460000	12470000	53	12465000	1247	105	No	NA	RIGHT_ARM	JU3125
II	12470000	12480000	35	12475000	1248	105	No	NA	RIGHT_ARM	JU3125
II	12480000	12490000	60	12485000	1249	105	No	NA	RIGHT_ARM	JU3125
II	12490000	12500000	51	12495000	1250	105	No	NA	RIGHT_ARM	JU3125
II	12500000	12510000	87	12505000	1251	105	No	NA	RIGHT_ARM	JU3125
II	12510000	12520000	149	12515000	1252	30	Yes	Up	RIGHT_ARM	JU3125
II	12520000	12530000	168	12525000	1253	23	Yes	Up	RIGHT_ARM	JU3125
II	12530000	12540000	163	12535000	1254	25	Yes	Up	RIGHT_ARM	JU3125
II	12540000	12550000	46	12545000	1255	105	No	NA	RIGHT_ARM	JU3125
II	12550000	12560000	54	12555000	1256	105	No	NA	RIGHT_ARM	JU3125
II	12560000	12570000	50	12565000	1257	105	No	NA	RIGHT_ARM	JU3125
II	12570000	12580000	32	12575000	1258	105	No	NA	RIGHT_ARM	JU3125
II	12580000	12590000	55	12585000	1259	105	No	NA	RIGHT_ARM	JU3125
II	12590000	12600000	174	12595000	1260	21	Yes	Up	RIGHT_ARM	JU3125
II	12600000	12610000	76	12605000	1261	105	No	NA	RIGHT_ARM	JU3125
II	12610000	12620000	164	12615000	1262	26	Yes	Up	RIGHT_ARM	JU3125
II	12620000	12630000	103	12625000	1263	63	Yes	Up	RIGHT_ARM	JU3125
II	12630000	12640000	79	12635000	1264	105	No	NA	RIGHT_ARM	JU3125
II	12640000	12650000	68	12645000	1265	105	No	NA	RIGHT_ARM	JU3125
II	12650000	12660000	38	12655000	1266	105	No	NA	RIGHT_ARM	JU3125
II	12660000	12670000	43	12665000	1267	105	No	NA	RIGHT_ARM	JU3125
II	12670000	12680000	60	12675000	1268	105	No	NA	RIGHT_ARM	JU3125
II	12680000	12690000	85	12685000	1269	105	No	NA	RIGHT_ARM	JU3125
II	12690000	12700000	57	12695000	1270	105	No	NA	RIGHT_ARM	JU3125
II	12700000	12710000	160	12705000	1271	29	Yes	Up	RIGHT_ARM	JU3125
II	12710000	12720000	176	12715000	1272	22	Yes	Up	RIGHT_ARM	JU3125
II	12720000	12730000	66	12725000	1273	105	No	NA	RIGHT_ARM	JU3125
II	12730000	12740000	32	12735000	1274	105	No	NA	RIGHT_ARM	JU3125
II	12740000	12750000	69	12745000	1275	105	No	NA	RIGHT_ARM	JU3125
II	12750000	12760000	45	12755000	1276	105	No	NA	RIGHT_ARM	JU3125
II	12760000	12770000	52	12765000	1277	105	No	NA	RIGHT_ARM	JU3125
II	12770000	12780000	93	12775000	1278	105	No	NA	RIGHT_ARM	JU3125
II	12780000	12790000	62	12785000	1279	105	No	NA	RIGHT_ARM	JU3125
II	12790000	12800000	75	12795000	1280	105	No	NA	RIGHT_ARM	JU3125
II	12800000	12810000	95	12805000	1281	105	No	NA	RIGHT_ARM	JU3125
II	12810000	12820000	203	12815000	1282	14	Yes	Up	RIGHT_ARM	JU3125
II	12820000	12830000	158	12825000	1283	31	Yes	Up	RIGHT_ARM	JU3125
II	12830000	12840000	47	12835000	1284	105	No	NA	RIGHT_ARM	JU3125
II	12840000	12850000	77	12845000	1285	105	No	NA	RIGHT_ARM	JU3125
II	12850000	12860000	59	12855000	1286	105	No	NA	RIGHT_ARM	JU3125
II	12860000	12870000	43	12865000	1287	105	No	NA	RIGHT_ARM	JU3125
II	12870000	12880000	49	12875000	1288	105	No	NA	RIGHT_ARM	JU3125
II	12880000	12890000	22	12885000	1289	105	No	NA	RIGHT_ARM	JU3125
II	12890000	12900000	63	12895000	1290	105	No	NA	RIGHT_ARM	JU3125
II	12900000	12910000	13	12905000	1291	105	No	NA	RIGHT_ARM	JU3125
II	12910000	12920000	19	12915000	1292	105	No	NA	RIGHT_ARM	JU3125
II	12920000	12930000	16	12925000	1293	105	No	NA	RIGHT_ARM	JU3125
II	12930000	12940000	22	12935000	1294	105	No	NA	RIGHT_ARM	JU3125
II	12940000	12950000	12	12945000	1295	105	No	NA	RIGHT_ARM	JU3125
II	12950000	12960000	29	12955000	1296	105	No	NA	RIGHT_ARM	JU3125
II	12960000	12970000	26	12965000	1297	105	No	NA	RIGHT_ARM	JU3125
II	12970000	12980000	16	12975000	1298	105	No	NA	RIGHT_ARM	JU3125
II	12980000	12990000	29	12985000	1299	105	No	NA	RIGHT_ARM	JU3125
II	12990000	13000000	16	12995000	1300	105	No	NA	RIGHT_ARM	JU3125
II	13000000	13010000	54	13005000	1301	105	No	NA	RIGHT_ARM	JU3125
II	13010000	13020000	33	13015000	1302	105	No	NA	RIGHT_ARM	JU3125
II	13020000	13030000	43	13025000	1303	105	No	NA	RIGHT_ARM	JU3125
II	13030000	13040000	18	13035000	1304	105	No	NA	RIGHT_ARM	JU3125
II	13040000	13050000	27	13045000	1305	105	No	NA	RIGHT_ARM	JU3125
II	13050000	13060000	31	13055000	1306	105	No	NA	RIGHT_ARM	JU3125
II	13060000	13070000	32	13065000	1307	105	No	NA	RIGHT_ARM	JU3125
II	13070000	13080000	27	13075000	1308	105	No	NA	RIGHT_ARM	JU3125
II	13080000	13090000	34	13085000	1309	105	No	NA	RIGHT_ARM	JU3125
II	13090000	13100000	50	13095000	1310	105	No	NA	RIGHT_ARM	JU3125
II	13100000	13110000	38	13105000	1311	105	No	NA	RIGHT_ARM	JU3125
II	13110000	13120000	32	13115000	1312	105	No	NA	RIGHT_ARM	JU3125
II	13120000	13130000	18	13125000	1313	105	No	NA	RIGHT_ARM	JU3125
II	13130000	13140000	21	13135000	1314	105	No	NA	RIGHT_ARM	JU3125
II	13140000	13150000	38	13145000	1315	105	No	NA	RIGHT_ARM	JU3125
II	13150000	13160000	86	13155000	1316	105	No	NA	RIGHT_ARM	JU3125
II	13160000	13170000	12	13165000	1317	105	No	NA	RIGHT_ARM	JU3125
II	13170000	13180000	29	13175000	1318	105	No	NA	RIGHT_ARM	JU3125
II	13180000	13190000	41	13185000	1319	105	No	NA	RIGHT_ARM	JU3125
II	13190000	13200000	54	13195000	1320	105	No	NA	RIGHT_ARM	JU3125
II	13200000	13210000	100	13205000	1321	105	No	NA	RIGHT_ARM	JU3125
II	13210000	13220000	71	13215000	1322	105	No	NA	RIGHT_ARM	JU3125
II	13220000	13230000	35	13225000	1323	105	No	NA	RIGHT_ARM	JU3125
II	13230000	13240000	23	13235000	1324	105	No	NA	RIGHT_ARM	JU3125
II	13240000	13250000	16	13245000	1325	105	No	NA	RIGHT_ARM	JU3125
II	13250000	13260000	6	13255000	1326	105	No	NA	RIGHT_ARM	JU3125
II	13260000	13270000	61	13265000	1327	105	No	NA	RIGHT_ARM	JU3125
II	13270000	13280000	60	13275000	1328	105	No	NA	RIGHT_ARM	JU3125
II	13280000	13290000	55	13285000	1329	105	No	NA	RIGHT_ARM	JU3125
II	13290000	13300000	38	13295000	1330	105	No	NA	RIGHT_ARM	JU3125
II	13300000	13310000	39	13305000	1331	105	No	NA	RIGHT_ARM	JU3125
II	13310000	13320000	66	13315000	1332	105	No	NA	RIGHT_ARM	JU3125
II	13320000	13330000	56	13325000	1333	105	No	NA	RIGHT_ARM	JU3125
II	13330000	13340000	109	13335000	1334	75	Yes	Up	RIGHT_ARM	JU3125
II	13340000	13350000	103	13345000	1335	105	No	NA	RIGHT_ARM	JU3125
II	13350000	13360000	42	13355000	1336	105	No	NA	RIGHT_ARM	JU3125
II	13360000	13370000	75	13365000	1337	105	No	NA	RIGHT_ARM	JU3125
II	13370000	13380000	47	13375000	1338	105	No	NA	RIGHT_ARM	JU3125
II	13380000	13390000	76	13385000	1339	105	No	NA	RIGHT_ARM	JU3125
II	13390000	13400000	88	13395000	1340	105	No	NA	RIGHT_ARM	JU3125
II	13400000	13410000	96	13405000	1341	105	No	NA	RIGHT_ARM	JU3125
II	13410000	13420000	71	13415000	1342	105	No	NA	RIGHT_ARM	JU3125
II	13420000	13430000	89	13425000	1343	105	No	NA	RIGHT_ARM	JU3125
II	13430000	13440000	34	13435000	1344	105	No	NA	RIGHT_ARM	JU3125
II	13440000	13450000	92	13445000	1345	105	No	NA	RIGHT_ARM	JU3125
II	13450000	13460000	74	13455000	1346	105	No	NA	RIGHT_ARM	JU3125
II	13460000	13470000	28	13465000	1347	105	No	NA	RIGHT_ARM	JU3125
II	13470000	13480000	141	13475000	1348	36	Yes	Up	RIGHT_ARM	JU3125
II	13480000	13490000	203	13485000	1349	16	Yes	Up	RIGHT_ARM	JU3125
II	13490000	13500000	65	13495000	1350	105	No	NA	RIGHT_ARM	JU3125
II	13500000	13510000	141	13505000	1351	35	Yes	Up	RIGHT_ARM	JU3125
II	13510000	13520000	57	13515000	1352	105	No	NA	RIGHT_ARM	JU3125
II	13520000	13530000	14	13525000	1353	105	No	NA	RIGHT_ARM	JU3125
II	13530000	13540000	54	13535000	1354	105	No	NA	RIGHT_ARM	JU3125
II	13540000	13550000	45	13545000	1355	105	No	NA	RIGHT_ARM	JU3125
II	13550000	13560000	89	13555000	1356	105	No	NA	RIGHT_ARM	JU3125
II	13560000	13570000	82	13565000	1357	105	No	NA	RIGHT_ARM	JU3125
II	13570000	13580000	141	13575000	1358	34	Yes	Up	RIGHT_ARM	JU3125
II	13580000	13590000	22	13585000	1359	105	No	NA	RIGHT_ARM	JU3125
II	13590000	13600000	44	13595000	1360	105	No	NA	RIGHT_ARM	JU3125
II	13600000	13610000	54	13605000	1361	105	No	NA	RIGHT_ARM	JU3125
II	13610000	13620000	24	13615000	1362	105	No	NA	RIGHT_ARM	JU3125
II	13620000	13630000	38	13625000	1363	105	No	NA	RIGHT_ARM	JU3125
II	13630000	13640000	35	13635000	1364	105	No	NA	RIGHT_ARM	JU3125
II	13640000	13650000	104	13645000	1365	76	Yes	Up	RIGHT_ARM	JU3125
II	13650000	13660000	41	13655000	1366	105	No	NA	RIGHT_ARM	JU3125
II	13660000	13670000	116	13665000	1367	55	Yes	Up	RIGHT_ARM	JU3125
II	13670000	13680000	102	13675000	1368	105	No	NA	RIGHT_ARM	JU3125
II	13680000	13690000	114	13685000	1369	57	Yes	Up	RIGHT_ARM	JU3125
II	13690000	13700000	43	13695000	1370	105	No	NA	RIGHT_ARM	JU3125
II	13700000	13710000	43	13705000	1371	105	No	NA	RIGHT_ARM	JU3125
II	13710000	13720000	49	13715000	1372	105	No	NA	RIGHT_ARM	JU3125
II	13720000	13730000	45	13725000	1373	105	No	NA	RIGHT_ARM	JU3125
II	13730000	13740000	49	13735000	1374	105	No	NA	RIGHT_ARM	JU3125
II	13740000	13750000	78	13745000	1375	105	No	NA	RIGHT_ARM	JU3125
II	13750000	13760000	191	13755000	1376	17	Yes	Up	RIGHT_ARM	JU3125
II	13760000	13770000	68	13765000	1377	105	No	NA	RIGHT_ARM	JU3125
II	13770000	13780000	45	13775000	1378	105	No	NA	RIGHT_ARM	JU3125
II	13780000	13790000	52	13785000	1379	105	No	NA	RIGHT_ARM	JU3125
II	13790000	13800000	45	13795000	1380	105	No	NA	RIGHT_ARM	JU3125
II	13800000	13810000	44	13805000	1381	105	No	NA	RIGHT_ARM	JU3125
II	13810000	13820000	25	13815000	1382	105	No	NA	RIGHT_ARM	JU3125
II	13820000	13830000	6	13825000	1383	105	No	NA	RIGHT_ARM	JU3125
II	13830000	13840000	44	13835000	1384	105	No	NA	RIGHT_ARM	JU3125
II	13840000	13850000	60	13845000	1385	105	No	NA	RIGHT_ARM	JU3125
II	13850000	13860000	48	13855000	1386	105	No	NA	RIGHT_ARM	JU3125
II	13860000	13870000	1	13865000	1387	105	No	NA	RIGHT_ARM	JU3125
II	13870000	13880000	2	13875000	1388	105	No	NA	RIGHT_ARM	JU3125
II	13880000	13890000	4	13885000	1389	105	No	NA	RIGHT_ARM	JU3125
II	13890000	13900000	3	13895000	1390	105	No	NA	RIGHT_ARM	JU3125
II	13900000	13910000	7	13905000	1391	105	No	NA	RIGHT_ARM	JU3125
II	13910000	13920000	24	13915000	1392	105	No	NA	RIGHT_ARM	JU3125
II	13920000	13930000	43	13925000	1393	105	No	NA	RIGHT_ARM	JU3125
II	13930000	13940000	70	13935000	1394	105	No	NA	RIGHT_ARM	JU3125
II	13940000	13950000	56	13945000	1395	105	No	NA	RIGHT_ARM	JU3125
II	13950000	13960000	72	13955000	1396	105	No	NA	RIGHT_ARM	JU3125
II	13960000	13970000	14	13965000	1397	105	No	NA	RIGHT_ARM	JU3125
II	13970000	13980000	50	13975000	1398	105	No	NA	RIGHT_ARM	JU3125
II	13980000	13990000	32	13985000	1399	105	No	NA	RIGHT_ARM	JU3125
II	13990000	14000000	29	13995000	1400	105	No	NA	RIGHT_ARM	JU3125
II	14000000	14010000	20	14005000	1401	105	No	NA	RIGHT_ARM	JU3125
II	14010000	14020000	23	14015000	1402	105	No	NA	RIGHT_ARM	JU3125
II	14020000	14030000	62	14025000	1403	105	No	NA	RIGHT_ARM	JU3125
II	14030000	14040000	50	14035000	1404	105	No	NA	RIGHT_ARM	JU3125
II	14040000	14050000	37	14045000	1405	105	No	NA	RIGHT_ARM	JU3125
II	14050000	14060000	54	14055000	1406	105	No	NA	RIGHT_ARM	JU3125
II	14060000	14070000	22	14065000	1407	105	No	NA	RIGHT_ARM	JU3125
II	14070000	14080000	59	14075000	1408	105	No	NA	RIGHT_ARM	JU3125
II	14080000	14090000	64	14085000	1409	105	No	NA	RIGHT_ARM	JU3125
II	14090000	14100000	56	14095000	1410	105	No	NA	RIGHT_ARM	JU3125
II	14100000	14110000	42	14105000	1411	105	No	NA	RIGHT_ARM	JU3125
II	14110000	14120000	31	14115000	1412	105	No	NA	RIGHT_ARM	JU3125
II	14120000	14130000	53	14125000	1413	105	No	NA	RIGHT_ARM	JU3125
II	14130000	14140000	68	14135000	1414	105	No	NA	RIGHT_ARM	JU3125
II	14140000	14150000	9	14145000	1415	105	No	NA	RIGHT_ARM	JU3125
II	14150000	14160000	12	14155000	1416	105	No	NA	RIGHT_ARM	JU3125
II	14160000	14170000	10	14165000	1417	105	No	NA	RIGHT_ARM	JU3125
II	14170000	14180000	32	14175000	1418	105	No	NA	RIGHT_ARM	JU3125
II	14180000	14190000	29	14185000	1419	105	No	NA	RIGHT_ARM	JU3125
II	14190000	14200000	58	14195000	1420	105	No	NA	RIGHT_ARM	JU3125
II	14200000	14210000	52	14205000	1421	105	No	NA	RIGHT_ARM	JU3125
II	14210000	14220000	33	14215000	1422	105	No	NA	RIGHT_ARM	JU3125
II	14220000	14230000	36	14225000	1423	105	No	NA	RIGHT_ARM	JU3125
II	14230000	14240000	50	14235000	1424	105	No	NA	RIGHT_ARM	JU3125
II	14240000	14250000	10	14245000	1425	105	No	NA	RIGHT_ARM	JU3125
II	14250000	14260000	41	14255000	1426	105	No	NA	RIGHT_ARM	JU3125
II	14260000	14270000	46	14265000	1427	105	No	NA	RIGHT_ARM	JU3125
II	14270000	14280000	42	14275000	1428	105	No	NA	RIGHT_ARM	JU3125
II	14280000	14290000	34	14285000	1429	105	No	NA	RIGHT_ARM	JU3125
II	14290000	14300000	5	14295000	1430	105	No	NA	RIGHT_ARM	JU3125
II	14300000	14310000	1	14305000	1431	105	No	NA	RIGHT_ARM	JU3125
II	14310000	14320000	14	14315000	1432	105	No	NA	RIGHT_ARM	JU3125
II	14320000	14330000	2	14325000	1433	105	No	NA	RIGHT_ARM	JU3125
II	14330000	14340000	13	14335000	1434	105	No	NA	RIGHT_ARM	JU3125
II	14340000	14350000	16	14345000	1435	105	No	NA	RIGHT_ARM	JU3125
II	14350000	14360000	9	14355000	1436	105	No	NA	RIGHT_ARM	JU3125
II	14360000	14370000	11	14365000	1437	105	No	NA	RIGHT_ARM	JU3125
II	14370000	14380000	7	14375000	1438	105	No	NA	RIGHT_ARM	JU3125
II	14380000	14390000	11	14385000	1439	105	No	NA	RIGHT_ARM	JU3125
II	14390000	14400000	21	14395000	1440	105	No	NA	RIGHT_ARM	JU3125
II	14400000	14410000	10	14405000	1441	105	No	NA	RIGHT_ARM	JU3125
II	14410000	14420000	31	14415000	1442	105	No	NA	RIGHT_ARM	JU3125
II	14420000	14430000	27	14425000	1443	105	No	NA	RIGHT_ARM	JU3125
II	14430000	14440000	45	14435000	1444	105	No	NA	RIGHT_ARM	JU3125
II	14440000	14450000	40	14445000	1445	105	No	NA	RIGHT_ARM	JU3125
II	14450000	14460000	44	14455000	1446	105	No	NA	RIGHT_ARM	JU3125
II	14460000	14470000	61	14465000	1447	105	No	NA	RIGHT_ARM	JU3125
II	14470000	14480000	22	14475000	1448	105	No	NA	RIGHT_ARM	JU3125
II	14480000	14490000	39	14485000	1449	105	No	NA	RIGHT_ARM	JU3125
II	14490000	14500000	38	14495000	1450	105	No	NA	RIGHT_ARM	JU3125
II	14500000	14510000	31	14505000	1451	105	No	NA	RIGHT_ARM	JU3125
II	14510000	14520000	66	14515000	1452	105	No	NA	RIGHT_ARM	JU3125
II	14520000	14530000	35	14525000	1453	105	No	NA	RIGHT_ARM	JU3125
II	14530000	14540000	41	14535000	1454	105	No	NA	RIGHT_ARM	JU3125
II	14540000	14550000	38	14545000	1455	105	No	NA	RIGHT_ARM	JU3125
II	14550000	14560000	28	14555000	1456	105	No	NA	RIGHT_ARM	JU3125
II	14560000	14570000	22	14565000	1457	105	No	NA	RIGHT_ARM	JU3125
II	14570000	14580000	21	14575000	1458	105	No	NA	RIGHT_ARM	JU3125
II	14580000	14590000	17	14585000	1459	105	No	NA	RIGHT_ARM	JU3125
II	14590000	14600000	17	14595000	1460	105	No	NA	RIGHT_ARM	JU3125
II	14600000	14610000	18	14605000	1461	105	No	NA	RIGHT_ARM	JU3125
II	14610000	14620000	20	14615000	1462	105	No	NA	Telomeric	JU3125
II	14620000	14630000	15	14625000	1463	105	No	NA	Telomeric	JU3125
II	14630000	14640000	17	14635000	1464	105	No	NA	Telomeric	JU3125
II	14640000	14650000	24	14645000	1465	105	No	NA	Telomeric	JU3125
II	14650000	14660000	14	14655000	1466	105	No	NA	Telomeric	JU3125
II	14660000	14670000	21	14665000	1467	105	No	NA	Telomeric	JU3125
II	14670000	14680000	28	14675000	1468	105	No	NA	Telomeric	JU3125
II	14680000	14690000	19	14685000	1469	105	No	NA	Telomeric	JU3125
II	14690000	14700000	15	14695000	1470	105	No	NA	Telomeric	JU3125
II	14700000	14710000	28	14705000	1471	105	No	NA	Telomeric	JU3125
II	14710000	14720000	2	14715000	1472	105	No	NA	Telomeric	JU3125
II	14720000	14730000	16	14725000	1473	105	No	NA	Telomeric	JU3125
II	14730000	14740000	30	14735000	1474	105	No	NA	Telomeric	JU3125
II	14740000	14750000	31	14745000	1475	105	No	NA	Telomeric	JU3125
II	14750000	14760000	38	14755000	1476	105	No	NA	Telomeric	JU3125
II	14760000	14770000	23	14765000	1477	105	No	NA	Telomeric	JU3125
II	14770000	14780000	35	14775000	1478	105	No	NA	Telomeric	JU3125
II	14780000	14790000	29	14785000	1479	105	No	NA	Telomeric	JU3125
II	14790000	14800000	22	14795000	1480	105	No	NA	Telomeric	JU3125
II	14800000	14810000	46	14805000	1481	105	No	NA	Telomeric	JU3125
II	14810000	14820000	34	14815000	1482	105	No	NA	Telomeric	JU3125
II	14820000	14830000	33	14825000	1483	105	No	NA	Telomeric	JU3125
II	14830000	14840000	18	14835000	1484	105	No	NA	Telomeric	JU3125
II	14840000	14850000	16	14845000	1485	105	No	NA	Telomeric	JU3125
II	14850000	14860000	17	14855000	1486	105	No	NA	Telomeric	JU3125
II	14860000	14870000	22	14865000	1487	105	No	NA	Telomeric	JU3125
II	14870000	14880000	26	14875000	1488	105	No	NA	Telomeric	JU3125
II	14880000	14890000	18	14885000	1489	105	No	NA	Telomeric	JU3125
II	14890000	14900000	15	14895000	1490	105	No	NA	Telomeric	JU3125
II	14900000	14910000	16	14905000	1491	105	No	NA	Telomeric	JU3125
II	14910000	14920000	20	14915000	1492	105	No	NA	Telomeric	JU3125
II	14920000	14930000	18	14925000	1493	105	No	NA	Telomeric	JU3125
II	14930000	14940000	20	14935000	1494	105	No	NA	Telomeric	JU3125
II	14940000	14950000	13	14945000	1495	105	No	NA	Telomeric	JU3125
II	14950000	14960000	24	14955000	1496	105	No	NA	Telomeric	JU3125
II	14960000	14970000	19	14965000	1497	105	No	NA	Telomeric	JU3125
II	14970000	14980000	15	14975000	1498	105	No	NA	Telomeric	JU3125
II	14980000	14990000	22	14985000	1499	105	No	NA	Telomeric	JU3125
II	14990000	15000000	11	14995000	1500	105	No	NA	Telomeric	JU3125
II	15000000	15010000	17	15005000	1501	105	No	NA	Telomeric	JU3125
II	15010000	15020000	16	15015000	1502	105	No	NA	Telomeric	JU3125
II	15020000	15030000	27	15025000	1503	105	No	NA	Telomeric	JU3125
II	15030000	15040000	35	15035000	1504	105	No	NA	Telomeric	JU3125
II	15040000	15050000	18	15045000	1505	105	No	NA	Telomeric	JU3125
II	15050000	15060000	22	15055000	1506	105	No	NA	Telomeric	JU3125
II	15060000	15070000	28	15065000	1507	105	No	NA	Telomeric	JU3125
II	15070000	15080000	20	15075000	1508	105	No	NA	Telomeric	JU3125
II	15080000	15090000	14	15085000	1509	105	No	NA	Telomeric	JU3125
II	15090000	15100000	32	15095000	1510	105	No	NA	Telomeric	JU3125
II	15100000	15110000	39	15105000	1511	105	No	NA	Telomeric	JU3125
II	15110000	15120000	20	15115000	1512	105	No	NA	Telomeric	JU3125
II	15120000	15130000	29	15125000	1513	105	No	NA	Telomeric	JU3125
II	15130000	15140000	9	15135000	1514	105	No	NA	Telomeric	JU3125
II	15140000	15150000	22	15145000	1515	105	No	NA	Telomeric	JU3125
II	15150000	15160000	21	15155000	1516	105	No	NA	Telomeric	JU3125
II	15160000	15170000	17	15165000	1517	105	No	NA	Telomeric	JU3125
II	15170000	15180000	18	15175000	1518	105	No	NA	Telomeric	JU3125
II	15180000	15190000	24	15185000	1519	105	No	NA	Telomeric	JU3125
II	15190000	15200000	25	15195000	1520	105	No	NA	Telomeric	JU3125
II	15200000	15210000	27	15205000	1521	105	No	NA	Telomeric	JU3125
II	15210000	15220000	18	15215000	1522	105	No	NA	Telomeric	JU3125
II	15220000	15230000	28	15225000	1523	105	No	NA	Telomeric	JU3125
II	15230000	15240000	22	15235000	1524	105	No	NA	Telomeric	JU3125
II	15240000	15250000	27	15245000	1525	105	No	NA	Telomeric	JU3125
II	15250000	15260000	19	15255000	1526	105	No	NA	Telomeric	JU3125
II	15260000	15270000	15	15265000	1527	105	No	NA	Telomeric	JU3125
II	15270000	15279421	16	15274710.5	1528	105	No	NA	Telomeric	JU3125
III	0	10000	6	5000	1	105	No	NA	Telomeric	JU3125
III	10000	20000	5	15000	2	105	No	NA	Telomeric	JU3125
III	20000	30000	7	25000	3	105	No	NA	Telomeric	JU3125
III	30000	40000	7	35000	4	105	No	NA	Telomeric	JU3125
III	40000	50000	2	45000	5	105	No	NA	Telomeric	JU3125
III	50000	60000	6	55000	6	105	No	NA	Telomeric	JU3125
III	60000	70000	2	65000	7	105	No	NA	Telomeric	JU3125
III	70000	80000	10	75000	8	105	No	NA	Telomeric	JU3125
III	80000	90000	10	85000	9	105	No	NA	Telomeric	JU3125
III	90000	100000	5	95000	10	105	No	NA	Telomeric	JU3125
III	100000	110000	9	105000	11	105	No	NA	Telomeric	JU3125
III	110000	120000	3	115000	12	105	No	NA	Telomeric	JU3125
III	120000	130000	5	125000	13	105	No	NA	Telomeric	JU3125
III	130000	140000	5	135000	14	105	No	NA	Telomeric	JU3125
III	140000	150000	68	145000	15	49	Yes	Up	Telomeric	JU3125
III	150000	160000	5	155000	16	105	No	NA	Telomeric	JU3125
III	160000	170000	5	165000	17	105	No	NA	Telomeric	JU3125
III	170000	180000	1	175000	18	105	No	NA	Telomeric	JU3125
III	180000	190000	2	185000	19	105	No	NA	Telomeric	JU3125
III	190000	200000	5	195000	20	105	No	NA	Telomeric	JU3125
III	200000	210000	6	205000	21	105	No	NA	Telomeric	JU3125
III	210000	220000	9	215000	22	105	No	NA	Telomeric	JU3125
III	220000	230000	7	225000	23	105	No	NA	Telomeric	JU3125
III	230000	240000	2	235000	24	105	No	NA	Telomeric	JU3125
III	240000	250000	3	245000	25	105	No	NA	Telomeric	JU3125
III	250000	260000	7	255000	26	105	No	NA	Telomeric	JU3125
III	260000	270000	11	265000	27	105	No	NA	Telomeric	JU3125
III	270000	280000	3	275000	28	105	No	NA	Telomeric	JU3125
III	280000	290000	7	285000	29	105	No	NA	Telomeric	JU3125
III	290000	300000	4	295000	30	105	No	NA	Telomeric	JU3125
III	300000	310000	3	305000	31	105	No	NA	Telomeric	JU3125
III	310000	320000	5	315000	32	105	No	NA	Telomeric	JU3125
III	320000	330000	2	325000	33	105	No	NA	Telomeric	JU3125
III	330000	340000	9	335000	34	105	No	NA	Telomeric	JU3125
III	340000	350000	13	345000	35	105	No	NA	Telomeric	JU3125
III	350000	360000	4	355000	36	105	No	NA	Telomeric	JU3125
III	360000	370000	3	365000	37	105	No	NA	Telomeric	JU3125
III	370000	380000	3	375000	38	105	No	NA	Telomeric	JU3125
III	380000	390000	0	385000	39	105	No	NA	Telomeric	JU3125
III	390000	400000	6	395000	40	105	No	NA	Telomeric	JU3125
III	400000	410000	7	405000	41	105	No	NA	Telomeric	JU3125
III	410000	420000	5	415000	42	105	No	NA	Telomeric	JU3125
III	420000	430000	2	425000	43	105	No	NA	Telomeric	JU3125
III	430000	440000	7	435000	44	105	No	NA	Telomeric	JU3125
III	440000	450000	7	445000	45	105	No	NA	Telomeric	JU3125
III	450000	460000	8	455000	46	105	No	NA	Telomeric	JU3125
III	460000	470000	8	465000	47	105	No	NA	Telomeric	JU3125
III	470000	480000	7	475000	48	105	No	NA	Telomeric	JU3125
III	480000	490000	5	485000	49	105	No	NA	Telomeric	JU3125
III	490000	500000	9	495000	50	105	No	NA	LEFT_ARM	JU3125
III	500000	510000	8	505000	51	105	No	NA	LEFT_ARM	JU3125
III	510000	520000	13	515000	52	105	No	NA	LEFT_ARM	JU3125
III	520000	530000	11	525000	53	105	No	NA	LEFT_ARM	JU3125
III	530000	540000	11	535000	54	105	No	NA	LEFT_ARM	JU3125
III	540000	550000	18	545000	55	105	No	NA	LEFT_ARM	JU3125
III	550000	560000	24	555000	56	105	No	NA	LEFT_ARM	JU3125
III	560000	570000	25	565000	57	105	No	NA	LEFT_ARM	JU3125
III	570000	580000	20	575000	58	105	No	NA	LEFT_ARM	JU3125
III	580000	590000	15	585000	59	105	No	NA	LEFT_ARM	JU3125
III	590000	600000	24	595000	60	105	No	NA	LEFT_ARM	JU3125
III	600000	610000	21	605000	61	105	No	NA	LEFT_ARM	JU3125
III	610000	620000	16	615000	62	105	No	NA	LEFT_ARM	JU3125
III	620000	630000	24	625000	63	105	No	NA	LEFT_ARM	JU3125
III	630000	640000	16	635000	64	105	No	NA	LEFT_ARM	JU3125
III	640000	650000	12	645000	65	105	No	NA	LEFT_ARM	JU3125
III	650000	660000	12	655000	66	105	No	NA	LEFT_ARM	JU3125
III	660000	670000	12	665000	67	105	No	NA	LEFT_ARM	JU3125
III	670000	680000	18	675000	68	105	No	NA	LEFT_ARM	JU3125
III	680000	690000	43	685000	69	105	No	NA	LEFT_ARM	JU3125
III	690000	700000	87	695000	70	43	Yes	Up	LEFT_ARM	JU3125
III	700000	710000	81	705000	71	52	Yes	Up	LEFT_ARM	JU3125
III	710000	720000	54	715000	72	105	No	NA	LEFT_ARM	JU3125
III	720000	730000	41	725000	73	105	No	NA	LEFT_ARM	JU3125
III	730000	740000	11	735000	74	105	No	NA	LEFT_ARM	JU3125
III	740000	750000	39	745000	75	105	No	NA	LEFT_ARM	JU3125
III	750000	760000	32	755000	76	105	No	NA	LEFT_ARM	JU3125
III	760000	770000	22	765000	77	105	No	NA	LEFT_ARM	JU3125
III	770000	780000	11	775000	78	105	No	NA	LEFT_ARM	JU3125
III	780000	790000	15	785000	79	105	No	NA	LEFT_ARM	JU3125
III	790000	800000	17	795000	80	105	No	NA	LEFT_ARM	JU3125
III	800000	810000	74	805000	81	63	Yes	Up	LEFT_ARM	JU3125
III	810000	820000	90	815000	82	45	Yes	Up	LEFT_ARM	JU3125
III	820000	830000	39	825000	83	105	No	NA	LEFT_ARM	JU3125
III	830000	840000	44	835000	84	105	No	NA	LEFT_ARM	JU3125
III	840000	850000	46	845000	85	105	No	NA	LEFT_ARM	JU3125
III	850000	860000	20	855000	86	105	No	NA	LEFT_ARM	JU3125
III	860000	870000	11	865000	87	105	No	NA	LEFT_ARM	JU3125
III	870000	880000	31	875000	88	105	No	NA	LEFT_ARM	JU3125
III	880000	890000	36	885000	89	105	No	NA	LEFT_ARM	JU3125
III	890000	900000	66	895000	90	105	No	NA	LEFT_ARM	JU3125
III	900000	910000	30	905000	91	105	No	NA	LEFT_ARM	JU3125
III	910000	920000	67	915000	92	105	No	NA	LEFT_ARM	JU3125
III	920000	930000	143	925000	93	20	Yes	Up	LEFT_ARM	JU3125
III	930000	940000	170	935000	94	16	Yes	Up	LEFT_ARM	JU3125
III	940000	950000	166	945000	95	17	Yes	Up	LEFT_ARM	JU3125
III	950000	960000	410	955000	96	7	Yes	Up	LEFT_ARM	JU3125
III	960000	970000	452	965000	97	6	Yes	Up	LEFT_ARM	JU3125
III	970000	980000	467	975000	98	5	Yes	Up	LEFT_ARM	JU3125
III	980000	990000	510	985000	99	3	Yes	Up	LEFT_ARM	JU3125
III	990000	1000000	695	995000	100	2	Yes	Up	LEFT_ARM	JU3125
III	1000000	1010000	727	1005000	101	1	Yes	Up	LEFT_ARM	JU3125
III	1010000	1020000	95	1015000	102	46	Yes	Up	LEFT_ARM	JU3125
III	1020000	1030000	241	1025000	103	13	Yes	Up	LEFT_ARM	JU3125
III	1030000	1040000	36	1035000	104	105	No	NA	LEFT_ARM	JU3125
III	1040000	1050000	26	1045000	105	105	No	NA	LEFT_ARM	JU3125
III	1050000	1060000	39	1055000	106	105	No	NA	LEFT_ARM	JU3125
III	1060000	1070000	56	1065000	107	105	No	NA	LEFT_ARM	JU3125
III	1070000	1080000	45	1075000	108	105	No	NA	LEFT_ARM	JU3125
III	1080000	1090000	27	1085000	109	105	No	NA	LEFT_ARM	JU3125
III	1090000	1100000	35	1095000	110	105	No	NA	LEFT_ARM	JU3125
III	1100000	1110000	25	1105000	111	105	No	NA	LEFT_ARM	JU3125
III	1110000	1120000	30	1115000	112	105	No	NA	LEFT_ARM	JU3125
III	1120000	1130000	34	1125000	113	105	No	NA	LEFT_ARM	JU3125
III	1130000	1140000	48	1135000	114	105	No	NA	LEFT_ARM	JU3125
III	1140000	1150000	29	1145000	115	105	No	NA	LEFT_ARM	JU3125
III	1150000	1160000	28	1155000	116	105	No	NA	LEFT_ARM	JU3125
III	1160000	1170000	47	1165000	117	105	No	NA	LEFT_ARM	JU3125
III	1170000	1180000	36	1175000	118	105	No	NA	LEFT_ARM	JU3125
III	1180000	1190000	63	1185000	119	105	No	NA	LEFT_ARM	JU3125
III	1190000	1200000	49	1195000	120	105	No	NA	LEFT_ARM	JU3125
III	1200000	1210000	25	1205000	121	105	No	NA	LEFT_ARM	JU3125
III	1210000	1220000	107	1215000	122	41	Yes	Up	LEFT_ARM	JU3125
III	1220000	1230000	52	1225000	123	105	No	NA	LEFT_ARM	JU3125
III	1230000	1240000	49	1235000	124	105	No	NA	LEFT_ARM	JU3125
III	1240000	1250000	44	1245000	125	105	No	NA	LEFT_ARM	JU3125
III	1250000	1260000	4	1255000	126	105	No	NA	LEFT_ARM	JU3125
III	1260000	1270000	41	1265000	127	105	No	NA	LEFT_ARM	JU3125
III	1270000	1280000	18	1275000	128	105	No	NA	LEFT_ARM	JU3125
III	1280000	1290000	40	1285000	129	105	No	NA	LEFT_ARM	JU3125
III	1290000	1300000	344	1295000	130	8	Yes	Up	LEFT_ARM	JU3125
III	1300000	1310000	144	1305000	131	23	Yes	Up	LEFT_ARM	JU3125
III	1310000	1320000	102	1315000	132	50	Yes	Up	LEFT_ARM	JU3125
III	1320000	1330000	35	1325000	133	105	No	NA	LEFT_ARM	JU3125
III	1330000	1340000	42	1335000	134	105	No	NA	LEFT_ARM	JU3125
III	1340000	1350000	139	1345000	135	25	Yes	Up	LEFT_ARM	JU3125
III	1350000	1360000	268	1355000	136	10	Yes	Up	LEFT_ARM	JU3125
III	1360000	1370000	230	1365000	137	14	Yes	Up	LEFT_ARM	JU3125
III	1370000	1380000	131	1375000	138	30	Yes	Up	LEFT_ARM	JU3125
III	1380000	1390000	38	1385000	139	105	No	NA	LEFT_ARM	JU3125
III	1390000	1400000	0	1395000	140	105	No	NA	LEFT_ARM	JU3125
III	1400000	1410000	45	1405000	141	105	No	NA	LEFT_ARM	JU3125
III	1410000	1420000	172	1415000	142	18	Yes	Up	LEFT_ARM	JU3125
III	1420000	1430000	144	1425000	143	24	Yes	Up	LEFT_ARM	JU3125
III	1430000	1440000	54	1435000	144	105	No	NA	LEFT_ARM	JU3125
III	1440000	1450000	30	1445000	145	105	No	NA	LEFT_ARM	JU3125
III	1450000	1460000	65	1455000	146	105	No	NA	LEFT_ARM	JU3125
III	1460000	1470000	22	1465000	147	105	No	NA	LEFT_ARM	JU3125
III	1470000	1480000	108	1475000	148	44	Yes	Up	LEFT_ARM	JU3125
III	1480000	1490000	32	1485000	149	105	No	NA	LEFT_ARM	JU3125
III	1490000	1500000	10	1495000	150	105	No	NA	LEFT_ARM	JU3125
III	1500000	1510000	61	1505000	151	105	No	NA	LEFT_ARM	JU3125
III	1510000	1520000	83	1515000	152	105	No	NA	LEFT_ARM	JU3125
III	1520000	1530000	46	1525000	153	105	No	NA	LEFT_ARM	JU3125
III	1530000	1540000	16	1535000	154	105	No	NA	LEFT_ARM	JU3125
III	1540000	1550000	58	1545000	155	105	No	NA	LEFT_ARM	JU3125
III	1550000	1560000	85	1555000	156	105	No	NA	LEFT_ARM	JU3125
III	1560000	1570000	136	1565000	157	27	Yes	Up	LEFT_ARM	JU3125
III	1570000	1580000	71	1575000	158	105	No	NA	LEFT_ARM	JU3125
III	1580000	1590000	64	1585000	159	105	No	NA	LEFT_ARM	JU3125
III	1590000	1600000	255	1595000	160	12	Yes	Up	LEFT_ARM	JU3125
III	1600000	1610000	39	1605000	161	105	No	NA	LEFT_ARM	JU3125
III	1610000	1620000	41	1615000	162	105	No	NA	LEFT_ARM	JU3125
III	1620000	1630000	42	1625000	163	105	No	NA	LEFT_ARM	JU3125
III	1630000	1640000	52	1635000	164	105	No	NA	LEFT_ARM	JU3125
III	1640000	1650000	31	1645000	165	105	No	NA	LEFT_ARM	JU3125
III	1650000	1660000	11	1655000	166	105	No	NA	LEFT_ARM	JU3125
III	1660000	1670000	19	1665000	167	105	No	NA	LEFT_ARM	JU3125
III	1670000	1680000	111	1675000	168	40	Yes	Up	LEFT_ARM	JU3125
III	1680000	1690000	78	1685000	169	105	No	NA	LEFT_ARM	JU3125
III	1690000	1700000	116	1695000	170	37	Yes	Up	LEFT_ARM	JU3125
III	1700000	1710000	116	1705000	171	36	Yes	Up	LEFT_ARM	JU3125
III	1710000	1720000	72	1715000	172	105	No	NA	LEFT_ARM	JU3125
III	1720000	1730000	137	1725000	173	26	Yes	Up	LEFT_ARM	JU3125
III	1730000	1740000	62	1735000	174	105	No	NA	LEFT_ARM	JU3125
III	1740000	1750000	92	1745000	175	59	Yes	Up	LEFT_ARM	JU3125
III	1750000	1760000	84	1755000	176	105	No	NA	LEFT_ARM	JU3125
III	1760000	1770000	123	1765000	177	32	Yes	Up	LEFT_ARM	JU3125
III	1770000	1780000	132	1775000	178	29	Yes	Up	LEFT_ARM	JU3125
III	1780000	1790000	67	1785000	179	105	No	NA	LEFT_ARM	JU3125
III	1790000	1800000	31	1795000	180	105	No	NA	LEFT_ARM	JU3125
III	1800000	1810000	41	1805000	181	105	No	NA	LEFT_ARM	JU3125
III	1810000	1820000	34	1815000	182	105	No	NA	LEFT_ARM	JU3125
III	1820000	1830000	32	1825000	183	105	No	NA	LEFT_ARM	JU3125
III	1830000	1840000	62	1835000	184	105	No	NA	LEFT_ARM	JU3125
III	1840000	1850000	47	1845000	185	105	No	NA	LEFT_ARM	JU3125
III	1850000	1860000	56	1855000	186	105	No	NA	LEFT_ARM	JU3125
III	1860000	1870000	46	1865000	187	105	No	NA	LEFT_ARM	JU3125
III	1870000	1880000	96	1875000	188	54	Yes	Up	LEFT_ARM	JU3125
III	1880000	1890000	32	1885000	189	105	No	NA	LEFT_ARM	JU3125
III	1890000	1900000	64	1895000	190	105	No	NA	LEFT_ARM	JU3125
III	1900000	1910000	54	1905000	191	105	No	NA	LEFT_ARM	JU3125
III	1910000	1920000	51	1915000	192	105	No	NA	LEFT_ARM	JU3125
III	1920000	1930000	30	1925000	193	105	No	NA	LEFT_ARM	JU3125
III	1930000	1940000	47	1935000	194	105	No	NA	LEFT_ARM	JU3125
III	1940000	1950000	54	1945000	195	105	No	NA	LEFT_ARM	JU3125
III	1950000	1960000	53	1955000	196	105	No	NA	LEFT_ARM	JU3125
III	1960000	1970000	37	1965000	197	105	No	NA	LEFT_ARM	JU3125
III	1970000	1980000	23	1975000	198	105	No	NA	LEFT_ARM	JU3125
III	1980000	1990000	34	1985000	199	105	No	NA	LEFT_ARM	JU3125
III	1990000	2000000	33	1995000	200	105	No	NA	LEFT_ARM	JU3125
III	2000000	2010000	27	2005000	201	105	No	NA	LEFT_ARM	JU3125
III	2010000	2020000	25	2015000	202	105	No	NA	LEFT_ARM	JU3125
III	2020000	2030000	19	2025000	203	105	No	NA	LEFT_ARM	JU3125
III	2030000	2040000	18	2035000	204	105	No	NA	LEFT_ARM	JU3125
III	2040000	2050000	26	2045000	205	105	No	NA	LEFT_ARM	JU3125
III	2050000	2060000	22	2055000	206	105	No	NA	LEFT_ARM	JU3125
III	2060000	2070000	41	2065000	207	105	No	NA	LEFT_ARM	JU3125
III	2070000	2080000	50	2075000	208	105	No	NA	LEFT_ARM	JU3125
III	2080000	2090000	33	2085000	209	105	No	NA	LEFT_ARM	JU3125
III	2090000	2100000	38	2095000	210	105	No	NA	LEFT_ARM	JU3125
III	2100000	2110000	50	2105000	211	105	No	NA	LEFT_ARM	JU3125
III	2110000	2120000	24	2115000	212	105	No	NA	LEFT_ARM	JU3125
III	2120000	2130000	40	2125000	213	105	No	NA	LEFT_ARM	JU3125
III	2130000	2140000	63	2135000	214	105	No	NA	LEFT_ARM	JU3125
III	2140000	2150000	32	2145000	215	105	No	NA	LEFT_ARM	JU3125
III	2150000	2160000	46	2155000	216	105	No	NA	LEFT_ARM	JU3125
III	2160000	2170000	47	2165000	217	105	No	NA	LEFT_ARM	JU3125
III	2170000	2180000	40	2175000	218	105	No	NA	LEFT_ARM	JU3125
III	2180000	2190000	43	2185000	219	105	No	NA	LEFT_ARM	JU3125
III	2190000	2200000	30	2195000	220	105	No	NA	LEFT_ARM	JU3125
III	2200000	2210000	51	2205000	221	105	No	NA	LEFT_ARM	JU3125
III	2210000	2220000	19	2215000	222	105	No	NA	LEFT_ARM	JU3125
III	2220000	2230000	18	2225000	223	105	No	NA	LEFT_ARM	JU3125
III	2230000	2240000	15	2235000	224	105	No	NA	LEFT_ARM	JU3125
III	2240000	2250000	20	2245000	225	105	No	NA	LEFT_ARM	JU3125
III	2250000	2260000	15	2255000	226	105	No	NA	LEFT_ARM	JU3125
III	2260000	2270000	10	2265000	227	105	No	NA	LEFT_ARM	JU3125
III	2270000	2280000	9	2275000	228	105	No	NA	LEFT_ARM	JU3125
III	2280000	2290000	26	2285000	229	105	No	NA	LEFT_ARM	JU3125
III	2290000	2300000	7	2295000	230	105	No	NA	LEFT_ARM	JU3125
III	2300000	2310000	8	2305000	231	105	No	NA	LEFT_ARM	JU3125
III	2310000	2320000	11	2315000	232	105	No	NA	LEFT_ARM	JU3125
III	2320000	2330000	64	2325000	233	105	No	NA	LEFT_ARM	JU3125
III	2330000	2340000	85	2335000	234	105	No	NA	LEFT_ARM	JU3125
III	2340000	2350000	76	2345000	235	105	No	NA	LEFT_ARM	JU3125
III	2350000	2360000	102	2355000	236	48	Yes	Up	LEFT_ARM	JU3125
III	2360000	2370000	73	2365000	237	105	No	NA	LEFT_ARM	JU3125
III	2370000	2380000	115	2375000	238	35	Yes	Up	LEFT_ARM	JU3125
III	2380000	2390000	62	2385000	239	105	No	NA	LEFT_ARM	JU3125
III	2390000	2400000	51	2395000	240	105	No	NA	LEFT_ARM	JU3125
III	2400000	2410000	287	2405000	241	9	Yes	Up	LEFT_ARM	JU3125
III	2410000	2420000	75	2415000	242	105	No	NA	LEFT_ARM	JU3125
III	2420000	2430000	66	2425000	243	105	No	NA	LEFT_ARM	JU3125
III	2430000	2440000	19	2435000	244	105	No	NA	LEFT_ARM	JU3125
III	2440000	2450000	43	2445000	245	105	No	NA	LEFT_ARM	JU3125
III	2450000	2460000	52	2455000	246	105	No	NA	LEFT_ARM	JU3125
III	2460000	2470000	25	2465000	247	105	No	NA	LEFT_ARM	JU3125
III	2470000	2480000	15	2475000	248	105	No	NA	LEFT_ARM	JU3125
III	2480000	2490000	39	2485000	249	105	No	NA	LEFT_ARM	JU3125
III	2490000	2500000	42	2495000	250	105	No	NA	LEFT_ARM	JU3125
III	2500000	2510000	47	2505000	251	105	No	NA	LEFT_ARM	JU3125
III	2510000	2520000	129	2515000	252	31	Yes	Up	LEFT_ARM	JU3125
III	2520000	2530000	194	2525000	253	15	Yes	Up	LEFT_ARM	JU3125
III	2530000	2540000	32	2535000	254	105	No	NA	LEFT_ARM	JU3125
III	2540000	2550000	35	2545000	255	105	No	NA	LEFT_ARM	JU3125
III	2550000	2560000	29	2555000	256	105	No	NA	LEFT_ARM	JU3125
III	2560000	2570000	34	2565000	257	105	No	NA	LEFT_ARM	JU3125
III	2570000	2580000	39	2575000	258	105	No	NA	LEFT_ARM	JU3125
III	2580000	2590000	53	2585000	259	105	No	NA	LEFT_ARM	JU3125
III	2590000	2600000	34	2595000	260	105	No	NA	LEFT_ARM	JU3125
III	2600000	2610000	55	2605000	261	105	No	NA	LEFT_ARM	JU3125
III	2610000	2620000	10	2615000	262	105	No	NA	LEFT_ARM	JU3125
III	2620000	2630000	46	2625000	263	105	No	NA	LEFT_ARM	JU3125
III	2630000	2640000	37	2635000	264	105	No	NA	LEFT_ARM	JU3125
III	2640000	2650000	23	2645000	265	105	No	NA	LEFT_ARM	JU3125
III	2650000	2660000	44	2655000	266	105	No	NA	LEFT_ARM	JU3125
III	2660000	2670000	29	2665000	267	105	No	NA	LEFT_ARM	JU3125
III	2670000	2680000	15	2675000	268	105	No	NA	LEFT_ARM	JU3125
III	2680000	2690000	14	2685000	269	105	No	NA	LEFT_ARM	JU3125
III	2690000	2700000	27	2695000	270	105	No	NA	LEFT_ARM	JU3125
III	2700000	2710000	38	2705000	271	105	No	NA	LEFT_ARM	JU3125
III	2710000	2720000	34	2715000	272	105	No	NA	LEFT_ARM	JU3125
III	2720000	2730000	57	2725000	273	105	No	NA	LEFT_ARM	JU3125
III	2730000	2740000	52	2735000	274	105	No	NA	LEFT_ARM	JU3125
III	2740000	2750000	59	2745000	275	105	No	NA	LEFT_ARM	JU3125
III	2750000	2760000	97	2755000	276	47	Yes	Up	LEFT_ARM	JU3125
III	2760000	2770000	114	2765000	277	33	Yes	Up	LEFT_ARM	JU3125
III	2770000	2780000	106	2775000	278	39	Yes	Up	LEFT_ARM	JU3125
III	2780000	2790000	47	2785000	279	105	No	NA	LEFT_ARM	JU3125
III	2790000	2800000	11	2795000	280	105	No	NA	LEFT_ARM	JU3125
III	2800000	2810000	11	2805000	281	105	No	NA	LEFT_ARM	JU3125
III	2810000	2820000	37	2815000	282	105	No	NA	LEFT_ARM	JU3125
III	2820000	2830000	53	2825000	283	105	No	NA	LEFT_ARM	JU3125
III	2830000	2840000	8	2835000	284	105	No	NA	LEFT_ARM	JU3125
III	2840000	2850000	7	2845000	285	105	No	NA	LEFT_ARM	JU3125
III	2850000	2860000	2	2855000	286	105	No	NA	LEFT_ARM	JU3125
III	2860000	2870000	26	2865000	287	105	No	NA	LEFT_ARM	JU3125
III	2870000	2880000	36	2875000	288	105	No	NA	LEFT_ARM	JU3125
III	2880000	2890000	33	2885000	289	105	No	NA	LEFT_ARM	JU3125
III	2890000	2900000	23	2895000	290	105	No	NA	LEFT_ARM	JU3125
III	2900000	2910000	20	2905000	291	105	No	NA	LEFT_ARM	JU3125
III	2910000	2920000	8	2915000	292	105	No	NA	LEFT_ARM	JU3125
III	2920000	2930000	8	2925000	293	105	No	NA	LEFT_ARM	JU3125
III	2930000	2940000	20	2935000	294	105	No	NA	LEFT_ARM	JU3125
III	2940000	2950000	29	2945000	295	105	No	NA	LEFT_ARM	JU3125
III	2950000	2960000	32	2955000	296	105	No	NA	LEFT_ARM	JU3125
III	2960000	2970000	63	2965000	297	105	No	NA	LEFT_ARM	JU3125
III	2970000	2980000	25	2975000	298	105	No	NA	LEFT_ARM	JU3125
III	2980000	2990000	16	2985000	299	105	No	NA	LEFT_ARM	JU3125
III	2990000	3000000	82	2995000	300	64	Yes	Up	LEFT_ARM	JU3125
III	3000000	3010000	34	3005000	301	105	No	NA	LEFT_ARM	JU3125
III	3010000	3020000	27	3015000	302	105	No	NA	LEFT_ARM	JU3125
III	3020000	3030000	51	3025000	303	105	No	NA	LEFT_ARM	JU3125
III	3030000	3040000	49	3035000	304	105	No	NA	LEFT_ARM	JU3125
III	3040000	3050000	44	3045000	305	105	No	NA	LEFT_ARM	JU3125
III	3050000	3060000	61	3055000	306	105	No	NA	LEFT_ARM	JU3125
III	3060000	3070000	46	3065000	307	105	No	NA	LEFT_ARM	JU3125
III	3070000	3080000	67	3075000	308	105	No	NA	LEFT_ARM	JU3125
III	3080000	3090000	90	3085000	309	53	Yes	Up	LEFT_ARM	JU3125
III	3090000	3100000	23	3095000	310	105	No	NA	LEFT_ARM	JU3125
III	3100000	3110000	16	3105000	311	105	No	NA	LEFT_ARM	JU3125
III	3110000	3120000	70	3115000	312	105	No	NA	LEFT_ARM	JU3125
III	3120000	3130000	37	3125000	313	105	No	NA	LEFT_ARM	JU3125
III	3130000	3140000	30	3135000	314	105	No	NA	LEFT_ARM	JU3125
III	3140000	3150000	38	3145000	315	105	No	NA	LEFT_ARM	JU3125
III	3150000	3160000	24	3155000	316	105	No	NA	LEFT_ARM	JU3125
III	3160000	3170000	41	3165000	317	105	No	NA	LEFT_ARM	JU3125
III	3170000	3180000	29	3175000	318	105	No	NA	LEFT_ARM	JU3125
III	3180000	3190000	24	3185000	319	105	No	NA	LEFT_ARM	JU3125
III	3190000	3200000	13	3195000	320	105	No	NA	LEFT_ARM	JU3125
III	3200000	3210000	24	3205000	321	105	No	NA	LEFT_ARM	JU3125
III	3210000	3220000	37	3215000	322	105	No	NA	LEFT_ARM	JU3125
III	3220000	3230000	38	3225000	323	105	No	NA	LEFT_ARM	JU3125
III	3230000	3240000	47	3235000	324	105	No	NA	LEFT_ARM	JU3125
III	3240000	3250000	56	3245000	325	105	No	NA	LEFT_ARM	JU3125
III	3250000	3260000	28	3255000	326	105	No	NA	LEFT_ARM	JU3125
III	3260000	3270000	38	3265000	327	105	No	NA	LEFT_ARM	JU3125
III	3270000	3280000	39	3275000	328	105	No	NA	LEFT_ARM	JU3125
III	3280000	3290000	38	3285000	329	105	No	NA	LEFT_ARM	JU3125
III	3290000	3300000	31	3295000	330	105	No	NA	LEFT_ARM	JU3125
III	3300000	3310000	35	3305000	331	105	No	NA	LEFT_ARM	JU3125
III	3310000	3320000	32	3315000	332	105	No	NA	LEFT_ARM	JU3125
III	3320000	3330000	50	3325000	333	105	No	NA	LEFT_ARM	JU3125
III	3330000	3340000	24	3335000	334	105	No	NA	LEFT_ARM	JU3125
III	3340000	3350000	49	3345000	335	105	No	NA	LEFT_ARM	JU3125
III	3350000	3360000	33	3355000	336	105	No	NA	LEFT_ARM	JU3125
III	3360000	3370000	40	3365000	337	105	No	NA	LEFT_ARM	JU3125
III	3370000	3380000	32	3375000	338	105	No	NA	LEFT_ARM	JU3125
III	3380000	3390000	18	3385000	339	105	No	NA	LEFT_ARM	JU3125
III	3390000	3400000	24	3395000	340	105	No	NA	LEFT_ARM	JU3125
III	3400000	3410000	8	3405000	341	105	No	NA	LEFT_ARM	JU3125
III	3410000	3420000	60	3415000	342	105	No	NA	LEFT_ARM	JU3125
III	3420000	3430000	29	3425000	343	105	No	NA	LEFT_ARM	JU3125
III	3430000	3440000	35	3435000	344	105	No	NA	LEFT_ARM	JU3125
III	3440000	3450000	19	3445000	345	105	No	NA	LEFT_ARM	JU3125
III	3450000	3460000	21	3455000	346	105	No	NA	LEFT_ARM	JU3125
III	3460000	3470000	43	3465000	347	105	No	NA	LEFT_ARM	JU3125
III	3470000	3480000	23	3475000	348	105	No	NA	LEFT_ARM	JU3125
III	3480000	3490000	23	3485000	349	105	No	NA	LEFT_ARM	JU3125
III	3490000	3500000	48	3495000	350	105	No	NA	LEFT_ARM	JU3125
III	3500000	3510000	13	3505000	351	105	No	NA	LEFT_ARM	JU3125
III	3510000	3520000	23	3515000	352	105	No	NA	LEFT_ARM	JU3125
III	3520000	3530000	20	3525000	353	105	No	NA	LEFT_ARM	JU3125
III	3530000	3540000	19	3535000	354	105	No	NA	LEFT_ARM	JU3125
III	3540000	3550000	20	3545000	355	105	No	NA	LEFT_ARM	JU3125
III	3550000	3560000	15	3555000	356	105	No	NA	LEFT_ARM	JU3125
III	3560000	3570000	24	3565000	357	105	No	NA	LEFT_ARM	JU3125
III	3570000	3580000	19	3575000	358	105	No	NA	LEFT_ARM	JU3125
III	3580000	3590000	41	3585000	359	105	No	NA	LEFT_ARM	JU3125
III	3590000	3600000	28	3595000	360	105	No	NA	LEFT_ARM	JU3125
III	3600000	3610000	45	3605000	361	105	No	NA	LEFT_ARM	JU3125
III	3610000	3620000	65	3615000	362	68	Yes	Up	LEFT_ARM	JU3125
III	3620000	3630000	33	3625000	363	105	No	NA	LEFT_ARM	JU3125
III	3630000	3640000	65	3635000	364	65	Yes	Up	LEFT_ARM	JU3125
III	3640000	3650000	37	3645000	365	105	No	NA	LEFT_ARM	JU3125
III	3650000	3660000	14	3655000	366	105	No	NA	LEFT_ARM	JU3125
III	3660000	3670000	12	3665000	367	105	No	NA	LEFT_ARM	JU3125
III	3670000	3680000	37	3675000	368	105	No	NA	LEFT_ARM	JU3125
III	3680000	3690000	12	3685000	369	105	No	NA	LEFT_ARM	JU3125
III	3690000	3700000	21	3695000	370	105	No	NA	LEFT_ARM	JU3125
III	3700000	3710000	11	3705000	371	105	No	NA	LEFT_ARM	JU3125
III	3710000	3720000	25	3715000	372	105	No	NA	LEFT_ARM	JU3125
III	3720000	3730000	19	3725000	373	105	No	NA	CENTER	JU3125
III	3730000	3740000	5	3735000	374	105	No	NA	CENTER	JU3125
III	3740000	3750000	5	3745000	375	105	No	NA	CENTER	JU3125
III	3750000	3760000	1	3755000	376	105	No	NA	CENTER	JU3125
III	3760000	3770000	3	3765000	377	105	No	NA	CENTER	JU3125
III	3770000	3780000	2	3775000	378	105	No	NA	CENTER	JU3125
III	3780000	3790000	7	3785000	379	105	No	NA	CENTER	JU3125
III	3790000	3800000	3	3795000	380	105	No	NA	CENTER	JU3125
III	3800000	3810000	2	3805000	381	105	No	NA	CENTER	JU3125
III	3810000	3820000	1	3815000	382	105	No	NA	CENTER	JU3125
III	3820000	3830000	4	3825000	383	105	No	NA	CENTER	JU3125
III	3830000	3840000	5	3835000	384	105	No	NA	CENTER	JU3125
III	3840000	3850000	5	3845000	385	105	No	NA	CENTER	JU3125
III	3850000	3860000	2	3855000	386	105	No	NA	CENTER	JU3125
III	3860000	3870000	2	3865000	387	105	No	NA	CENTER	JU3125
III	3870000	3880000	8	3875000	388	105	No	NA	CENTER	JU3125
III	3880000	3890000	3	3885000	389	105	No	NA	CENTER	JU3125
III	3890000	3900000	7	3895000	390	105	No	NA	CENTER	JU3125
III	3900000	3910000	3	3905000	391	105	No	NA	CENTER	JU3125
III	3910000	3920000	3	3915000	392	105	No	NA	CENTER	JU3125
III	3920000	3930000	3	3925000	393	105	No	NA	CENTER	JU3125
III	3930000	3940000	3	3935000	394	105	No	NA	CENTER	JU3125
III	3940000	3950000	1	3945000	395	105	No	NA	CENTER	JU3125
III	3950000	3960000	5	3955000	396	105	No	NA	CENTER	JU3125
III	3960000	3970000	1	3965000	397	105	No	NA	CENTER	JU3125
III	3970000	3980000	5	3975000	398	105	No	NA	CENTER	JU3125
III	3980000	3990000	3	3985000	399	105	No	NA	CENTER	JU3125
III	3990000	4000000	6	3995000	400	105	No	NA	CENTER	JU3125
III	4000000	4010000	7	4005000	401	105	No	NA	CENTER	JU3125
III	4010000	4020000	0	4015000	402	105	No	NA	CENTER	JU3125
III	4020000	4030000	2	4025000	403	105	No	NA	CENTER	JU3125
III	4030000	4040000	0	4035000	404	105	No	NA	CENTER	JU3125
III	4040000	4050000	4	4045000	405	105	No	NA	CENTER	JU3125
III	4050000	4060000	3	4055000	406	105	No	NA	CENTER	JU3125
III	4060000	4070000	2	4065000	407	105	No	NA	CENTER	JU3125
III	4070000	4080000	1	4075000	408	105	No	NA	CENTER	JU3125
III	4080000	4090000	4	4085000	409	105	No	NA	CENTER	JU3125
III	4090000	4100000	5	4095000	410	105	No	NA	CENTER	JU3125
III	4100000	4110000	5	4105000	411	105	No	NA	CENTER	JU3125
III	4110000	4120000	5	4115000	412	105	No	NA	CENTER	JU3125
III	4120000	4130000	5	4125000	413	105	No	NA	CENTER	JU3125
III	4130000	4140000	1	4135000	414	105	No	NA	CENTER	JU3125
III	4140000	4150000	4	4145000	415	105	No	NA	CENTER	JU3125
III	4150000	4160000	1	4155000	416	105	No	NA	CENTER	JU3125
III	4160000	4170000	4	4165000	417	105	No	NA	CENTER	JU3125
III	4170000	4180000	0	4175000	418	105	No	NA	CENTER	JU3125
III	4180000	4190000	1	4185000	419	105	No	NA	CENTER	JU3125
III	4190000	4200000	6	4195000	420	105	No	NA	CENTER	JU3125
III	4200000	4210000	4	4205000	421	105	No	NA	CENTER	JU3125
III	4210000	4220000	2	4215000	422	105	No	NA	CENTER	JU3125
III	4220000	4230000	2	4225000	423	105	No	NA	CENTER	JU3125
III	4230000	4240000	7	4235000	424	105	No	NA	CENTER	JU3125
III	4240000	4250000	6	4245000	425	105	No	NA	CENTER	JU3125
III	4250000	4260000	4	4255000	426	105	No	NA	CENTER	JU3125
III	4260000	4270000	6	4265000	427	105	No	NA	CENTER	JU3125
III	4270000	4280000	7	4275000	428	105	No	NA	CENTER	JU3125
III	4280000	4290000	5	4285000	429	105	No	NA	CENTER	JU3125
III	4290000	4300000	10	4295000	430	105	No	NA	CENTER	JU3125
III	4300000	4310000	9	4305000	431	105	No	NA	CENTER	JU3125
III	4310000	4320000	7	4315000	432	105	No	NA	CENTER	JU3125
III	4320000	4330000	5	4325000	433	105	No	NA	CENTER	JU3125
III	4330000	4340000	6	4335000	434	105	No	NA	CENTER	JU3125
III	4340000	4350000	9	4345000	435	105	No	NA	CENTER	JU3125
III	4350000	4360000	7	4355000	436	105	No	NA	CENTER	JU3125
III	4360000	4370000	10	4365000	437	105	No	NA	CENTER	JU3125
III	4370000	4380000	5	4375000	438	105	No	NA	CENTER	JU3125
III	4380000	4390000	10	4385000	439	105	No	NA	CENTER	JU3125
III	4390000	4400000	28	4395000	440	105	No	NA	CENTER	JU3125
III	4400000	4410000	12	4405000	441	105	No	NA	CENTER	JU3125
III	4410000	4420000	6	4415000	442	105	No	NA	CENTER	JU3125
III	4420000	4430000	15	4425000	443	105	No	NA	CENTER	JU3125
III	4430000	4440000	3	4435000	444	105	No	NA	CENTER	JU3125
III	4440000	4450000	16	4445000	445	105	No	NA	CENTER	JU3125
III	4450000	4460000	26	4455000	446	105	No	NA	CENTER	JU3125
III	4460000	4470000	17	4465000	447	105	No	NA	CENTER	JU3125
III	4470000	4480000	5	4475000	448	105	No	NA	CENTER	JU3125
III	4480000	4490000	31	4485000	449	105	No	NA	CENTER	JU3125
III	4490000	4500000	9	4495000	450	105	No	NA	CENTER	JU3125
III	4500000	4510000	10	4505000	451	105	No	NA	CENTER	JU3125
III	4510000	4520000	9	4515000	452	105	No	NA	CENTER	JU3125
III	4520000	4530000	7	4525000	453	105	No	NA	CENTER	JU3125
III	4530000	4540000	6	4535000	454	105	No	NA	CENTER	JU3125
III	4540000	4550000	9	4545000	455	105	No	NA	CENTER	JU3125
III	4550000	4560000	12	4555000	456	105	No	NA	CENTER	JU3125
III	4560000	4570000	3	4565000	457	105	No	NA	CENTER	JU3125
III	4570000	4580000	14	4575000	458	105	No	NA	CENTER	JU3125
III	4580000	4590000	13	4585000	459	105	No	NA	CENTER	JU3125
III	4590000	4600000	6	4595000	460	105	No	NA	CENTER	JU3125
III	4600000	4610000	11	4605000	461	105	No	NA	CENTER	JU3125
III	4610000	4620000	19	4615000	462	105	No	NA	CENTER	JU3125
III	4620000	4630000	26	4625000	463	105	No	NA	CENTER	JU3125
III	4630000	4640000	18	4635000	464	105	No	NA	CENTER	JU3125
III	4640000	4650000	3	4645000	465	105	No	NA	CENTER	JU3125
III	4650000	4660000	7	4655000	466	105	No	NA	CENTER	JU3125
III	4660000	4670000	9	4665000	467	105	No	NA	CENTER	JU3125
III	4670000	4680000	16	4675000	468	105	No	NA	CENTER	JU3125
III	4680000	4690000	30	4685000	469	105	No	NA	CENTER	JU3125
III	4690000	4700000	8	4695000	470	105	No	NA	CENTER	JU3125
III	4700000	4710000	11	4705000	471	105	No	NA	CENTER	JU3125
III	4710000	4720000	5	4715000	472	105	No	NA	CENTER	JU3125
III	4720000	4730000	6	4725000	473	105	No	NA	CENTER	JU3125
III	4730000	4740000	10	4735000	474	105	No	NA	CENTER	JU3125
III	4740000	4750000	13	4745000	475	105	No	NA	CENTER	JU3125
III	4750000	4760000	2	4755000	476	105	No	NA	CENTER	JU3125
III	4760000	4770000	6	4765000	477	105	No	NA	CENTER	JU3125
III	4770000	4780000	5	4775000	478	105	No	NA	CENTER	JU3125
III	4780000	4790000	3	4785000	479	105	No	NA	CENTER	JU3125
III	4790000	4800000	6	4795000	480	105	No	NA	CENTER	JU3125
III	4800000	4810000	11	4805000	481	105	No	NA	CENTER	JU3125
III	4810000	4820000	23	4815000	482	105	No	NA	CENTER	JU3125
III	4820000	4830000	12	4825000	483	105	No	NA	CENTER	JU3125
III	4830000	4840000	27	4835000	484	105	No	NA	CENTER	JU3125
III	4840000	4850000	12	4845000	485	105	No	NA	CENTER	JU3125
III	4850000	4860000	22	4855000	486	105	No	NA	CENTER	JU3125
III	4860000	4870000	16	4865000	487	105	No	NA	CENTER	JU3125
III	4870000	4880000	12	4875000	488	105	No	NA	CENTER	JU3125
III	4880000	4890000	14	4885000	489	105	No	NA	CENTER	JU3125
III	4890000	4900000	11	4895000	490	105	No	NA	CENTER	JU3125
III	4900000	4910000	12	4905000	491	105	No	NA	CENTER	JU3125
III	4910000	4920000	11	4915000	492	105	No	NA	CENTER	JU3125
III	4920000	4930000	11	4925000	493	105	No	NA	CENTER	JU3125
III	4930000	4940000	24	4935000	494	105	No	NA	CENTER	JU3125
III	4940000	4950000	14	4945000	495	105	No	NA	CENTER	JU3125
III	4950000	4960000	16	4955000	496	105	No	NA	CENTER	JU3125
III	4960000	4970000	13	4965000	497	105	No	NA	CENTER	JU3125
III	4970000	4980000	12	4975000	498	105	No	NA	CENTER	JU3125
III	4980000	4990000	19	4985000	499	105	No	NA	CENTER	JU3125
III	4990000	5000000	5	4995000	500	105	No	NA	CENTER	JU3125
III	5000000	5010000	15	5005000	501	105	No	NA	CENTER	JU3125
III	5010000	5020000	6	5015000	502	105	No	NA	CENTER	JU3125
III	5020000	5030000	9	5025000	503	105	No	NA	CENTER	JU3125
III	5030000	5040000	16	5035000	504	105	No	NA	CENTER	JU3125
III	5040000	5050000	14	5045000	505	105	No	NA	CENTER	JU3125
III	5050000	5060000	14	5055000	506	105	No	NA	CENTER	JU3125
III	5060000	5070000	6	5065000	507	105	No	NA	CENTER	JU3125
III	5070000	5080000	15	5075000	508	105	No	NA	CENTER	JU3125
III	5080000	5090000	18	5085000	509	105	No	NA	CENTER	JU3125
III	5090000	5100000	21	5095000	510	105	No	NA	CENTER	JU3125
III	5100000	5110000	30	5105000	511	105	No	NA	CENTER	JU3125
III	5110000	5120000	18	5115000	512	105	No	NA	CENTER	JU3125
III	5120000	5130000	21	5125000	513	105	No	NA	CENTER	JU3125
III	5130000	5140000	14	5135000	514	105	No	NA	CENTER	JU3125
III	5140000	5150000	23	5145000	515	105	No	NA	CENTER	JU3125
III	5150000	5160000	10	5155000	516	105	No	NA	CENTER	JU3125
III	5160000	5170000	16	5165000	517	105	No	NA	CENTER	JU3125
III	5170000	5180000	6	5175000	518	105	No	NA	CENTER	JU3125
III	5180000	5190000	16	5185000	519	105	No	NA	CENTER	JU3125
III	5190000	5200000	17	5195000	520	105	No	NA	CENTER	JU3125
III	5200000	5210000	17	5205000	521	105	No	NA	CENTER	JU3125
III	5210000	5220000	15	5215000	522	105	No	NA	CENTER	JU3125
III	5220000	5230000	13	5225000	523	105	No	NA	CENTER	JU3125
III	5230000	5240000	8	5235000	524	105	No	NA	CENTER	JU3125
III	5240000	5250000	10	5245000	525	105	No	NA	CENTER	JU3125
III	5250000	5260000	20	5255000	526	105	No	NA	CENTER	JU3125
III	5260000	5270000	13	5265000	527	105	No	NA	CENTER	JU3125
III	5270000	5280000	12	5275000	528	105	No	NA	CENTER	JU3125
III	5280000	5290000	11	5285000	529	105	No	NA	CENTER	JU3125
III	5290000	5300000	10	5295000	530	105	No	NA	CENTER	JU3125
III	5300000	5310000	7	5305000	531	105	No	NA	CENTER	JU3125
III	5310000	5320000	9	5315000	532	105	No	NA	CENTER	JU3125
III	5320000	5330000	6	5325000	533	105	No	NA	CENTER	JU3125
III	5330000	5340000	13	5335000	534	105	No	NA	CENTER	JU3125
III	5340000	5350000	21	5345000	535	105	No	NA	CENTER	JU3125
III	5350000	5360000	18	5355000	536	105	No	NA	CENTER	JU3125
III	5360000	5370000	12	5365000	537	105	No	NA	CENTER	JU3125
III	5370000	5380000	20	5375000	538	105	No	NA	CENTER	JU3125
III	5380000	5390000	7	5385000	539	105	No	NA	CENTER	JU3125
III	5390000	5400000	10	5395000	540	105	No	NA	CENTER	JU3125
III	5400000	5410000	9	5405000	541	105	No	NA	CENTER	JU3125
III	5410000	5420000	18	5415000	542	105	No	NA	CENTER	JU3125
III	5420000	5430000	10	5425000	543	105	No	NA	CENTER	JU3125
III	5430000	5440000	14	5435000	544	105	No	NA	CENTER	JU3125
III	5440000	5450000	8	5445000	545	105	No	NA	CENTER	JU3125
III	5450000	5460000	12	5455000	546	105	No	NA	CENTER	JU3125
III	5460000	5470000	20	5465000	547	105	No	NA	CENTER	JU3125
III	5470000	5480000	9	5475000	548	105	No	NA	CENTER	JU3125
III	5480000	5490000	15	5485000	549	105	No	NA	CENTER	JU3125
III	5490000	5500000	10	5495000	550	105	No	NA	CENTER	JU3125
III	5500000	5510000	6	5505000	551	105	No	NA	CENTER	JU3125
III	5510000	5520000	15	5515000	552	105	No	NA	CENTER	JU3125
III	5520000	5530000	17	5525000	553	105	No	NA	CENTER	JU3125
III	5530000	5540000	15	5535000	554	105	No	NA	CENTER	JU3125
III	5540000	5550000	9	5545000	555	105	No	NA	CENTER	JU3125
III	5550000	5560000	18	5555000	556	105	No	NA	CENTER	JU3125
III	5560000	5570000	20	5565000	557	105	No	NA	CENTER	JU3125
III	5570000	5580000	10	5575000	558	105	No	NA	CENTER	JU3125
III	5580000	5590000	7	5585000	559	105	No	NA	CENTER	JU3125
III	5590000	5600000	9	5595000	560	105	No	NA	CENTER	JU3125
III	5600000	5610000	5	5605000	561	105	No	NA	CENTER	JU3125
III	5610000	5620000	15	5615000	562	105	No	NA	CENTER	JU3125
III	5620000	5630000	11	5625000	563	105	No	NA	CENTER	JU3125
III	5630000	5640000	12	5635000	564	105	No	NA	CENTER	JU3125
III	5640000	5650000	10	5645000	565	105	No	NA	CENTER	JU3125
III	5650000	5660000	11	5655000	566	105	No	NA	CENTER	JU3125
III	5660000	5670000	18	5665000	567	105	No	NA	CENTER	JU3125
III	5670000	5680000	20	5675000	568	105	No	NA	CENTER	JU3125
III	5680000	5690000	18	5685000	569	105	No	NA	CENTER	JU3125
III	5690000	5700000	22	5695000	570	105	No	NA	CENTER	JU3125
III	5700000	5710000	16	5705000	571	105	No	NA	CENTER	JU3125
III	5710000	5720000	13	5715000	572	105	No	NA	CENTER	JU3125
III	5720000	5730000	13	5725000	573	105	No	NA	CENTER	JU3125
III	5730000	5740000	15	5735000	574	105	No	NA	CENTER	JU3125
III	5740000	5750000	19	5745000	575	105	No	NA	CENTER	JU3125
III	5750000	5760000	15	5755000	576	105	No	NA	CENTER	JU3125
III	5760000	5770000	25	5765000	577	105	No	NA	CENTER	JU3125
III	5770000	5780000	10	5775000	578	105	No	NA	CENTER	JU3125
III	5780000	5790000	29	5785000	579	105	No	NA	CENTER	JU3125
III	5790000	5800000	17	5795000	580	105	No	NA	CENTER	JU3125
III	5800000	5810000	16	5805000	581	105	No	NA	CENTER	JU3125
III	5810000	5820000	21	5815000	582	105	No	NA	CENTER	JU3125
III	5820000	5830000	8	5825000	583	105	No	NA	CENTER	JU3125
III	5830000	5840000	20	5835000	584	105	No	NA	CENTER	JU3125
III	5840000	5850000	17	5845000	585	105	No	NA	CENTER	JU3125
III	5850000	5860000	9	5855000	586	105	No	NA	CENTER	JU3125
III	5860000	5870000	6	5865000	587	105	No	NA	CENTER	JU3125
III	5870000	5880000	7	5875000	588	105	No	NA	CENTER	JU3125
III	5880000	5890000	5	5885000	589	105	No	NA	CENTER	JU3125
III	5890000	5900000	11	5895000	590	105	No	NA	CENTER	JU3125
III	5900000	5910000	6	5905000	591	105	No	NA	CENTER	JU3125
III	5910000	5920000	10	5915000	592	105	No	NA	CENTER	JU3125
III	5920000	5930000	6	5925000	593	105	No	NA	CENTER	JU3125
III	5930000	5940000	16	5935000	594	105	No	NA	CENTER	JU3125
III	5940000	5950000	6	5945000	595	105	No	NA	CENTER	JU3125
III	5950000	5960000	12	5955000	596	105	No	NA	CENTER	JU3125
III	5960000	5970000	9	5965000	597	105	No	NA	CENTER	JU3125
III	5970000	5980000	3	5975000	598	105	No	NA	CENTER	JU3125
III	5980000	5990000	8	5985000	599	105	No	NA	CENTER	JU3125
III	5990000	6000000	7	5995000	600	105	No	NA	CENTER	JU3125
III	6000000	6010000	8	6005000	601	105	No	NA	CENTER	JU3125
III	6010000	6020000	8	6015000	602	105	No	NA	CENTER	JU3125
III	6020000	6030000	4	6025000	603	105	No	NA	CENTER	JU3125
III	6030000	6040000	9	6035000	604	105	No	NA	CENTER	JU3125
III	6040000	6050000	7	6045000	605	105	No	NA	CENTER	JU3125
III	6050000	6060000	17	6055000	606	105	No	NA	CENTER	JU3125
III	6060000	6070000	13	6065000	607	105	No	NA	CENTER	JU3125
III	6070000	6080000	11	6075000	608	105	No	NA	CENTER	JU3125
III	6080000	6090000	10	6085000	609	105	No	NA	CENTER	JU3125
III	6090000	6100000	15	6095000	610	105	No	NA	CENTER	JU3125
III	6100000	6110000	4	6105000	611	105	No	NA	CENTER	JU3125
III	6110000	6120000	7	6115000	612	105	No	NA	CENTER	JU3125
III	6120000	6130000	7	6125000	613	105	No	NA	CENTER	JU3125
III	6130000	6140000	14	6135000	614	105	No	NA	CENTER	JU3125
III	6140000	6150000	15	6145000	615	105	No	NA	CENTER	JU3125
III	6150000	6160000	27	6155000	616	105	No	NA	CENTER	JU3125
III	6160000	6170000	14	6165000	617	105	No	NA	CENTER	JU3125
III	6170000	6180000	4	6175000	618	105	No	NA	CENTER	JU3125
III	6180000	6190000	2	6185000	619	105	No	NA	CENTER	JU3125
III	6190000	6200000	14	6195000	620	105	No	NA	CENTER	JU3125
III	6200000	6210000	6	6205000	621	105	No	NA	CENTER	JU3125
III	6210000	6220000	6	6215000	622	105	No	NA	CENTER	JU3125
III	6220000	6230000	4	6225000	623	105	No	NA	CENTER	JU3125
III	6230000	6240000	13	6235000	624	105	No	NA	CENTER	JU3125
III	6240000	6250000	10	6245000	625	105	No	NA	CENTER	JU3125
III	6250000	6260000	3	6255000	626	105	No	NA	CENTER	JU3125
III	6260000	6270000	9	6265000	627	105	No	NA	CENTER	JU3125
III	6270000	6280000	4	6275000	628	105	No	NA	CENTER	JU3125
III	6280000	6290000	12	6285000	629	105	No	NA	CENTER	JU3125
III	6290000	6300000	4	6295000	630	105	No	NA	CENTER	JU3125
III	6300000	6310000	10	6305000	631	105	No	NA	CENTER	JU3125
III	6310000	6320000	9	6315000	632	105	No	NA	CENTER	JU3125
III	6320000	6330000	17	6325000	633	105	No	NA	CENTER	JU3125
III	6330000	6340000	16	6335000	634	105	No	NA	CENTER	JU3125
III	6340000	6350000	9	6345000	635	105	No	NA	CENTER	JU3125
III	6350000	6360000	6	6355000	636	105	No	NA	CENTER	JU3125
III	6360000	6370000	11	6365000	637	105	No	NA	CENTER	JU3125
III	6370000	6380000	4	6375000	638	105	No	NA	CENTER	JU3125
III	6380000	6390000	7	6385000	639	105	No	NA	CENTER	JU3125
III	6390000	6400000	13	6395000	640	105	No	NA	CENTER	JU3125
III	6400000	6410000	14	6405000	641	105	No	NA	CENTER	JU3125
III	6410000	6420000	11	6415000	642	105	No	NA	CENTER	JU3125
III	6420000	6430000	17	6425000	643	105	No	NA	CENTER	JU3125
III	6430000	6440000	10	6435000	644	105	No	NA	CENTER	JU3125
III	6440000	6450000	14	6445000	645	105	No	NA	CENTER	JU3125
III	6450000	6460000	9	6455000	646	105	No	NA	CENTER	JU3125
III	6460000	6470000	18	6465000	647	105	No	NA	CENTER	JU3125
III	6470000	6480000	8	6475000	648	105	No	NA	CENTER	JU3125
III	6480000	6490000	8	6485000	649	105	No	NA	CENTER	JU3125
III	6490000	6500000	15	6495000	650	105	No	NA	CENTER	JU3125
III	6500000	6510000	13	6505000	651	105	No	NA	CENTER	JU3125
III	6510000	6520000	17	6515000	652	105	No	NA	CENTER	JU3125
III	6520000	6530000	18	6525000	653	105	No	NA	CENTER	JU3125
III	6530000	6540000	13	6535000	654	105	No	NA	CENTER	JU3125
III	6540000	6550000	16	6545000	655	105	No	NA	CENTER	JU3125
III	6550000	6560000	19	6555000	656	105	No	NA	CENTER	JU3125
III	6560000	6570000	16	6565000	657	105	No	NA	CENTER	JU3125
III	6570000	6580000	26	6575000	658	105	No	NA	CENTER	JU3125
III	6580000	6590000	12	6585000	659	105	No	NA	CENTER	JU3125
III	6590000	6600000	5	6595000	660	105	No	NA	CENTER	JU3125
III	6600000	6610000	21	6605000	661	105	No	NA	CENTER	JU3125
III	6610000	6620000	19	6615000	662	105	No	NA	CENTER	JU3125
III	6620000	6630000	20	6625000	663	105	No	NA	CENTER	JU3125
III	6630000	6640000	19	6635000	664	105	No	NA	CENTER	JU3125
III	6640000	6650000	17	6645000	665	105	No	NA	CENTER	JU3125
III	6650000	6660000	20	6655000	666	105	No	NA	CENTER	JU3125
III	6660000	6670000	20	6665000	667	105	No	NA	CENTER	JU3125
III	6670000	6680000	17	6675000	668	105	No	NA	CENTER	JU3125
III	6680000	6690000	19	6685000	669	105	No	NA	CENTER	JU3125
III	6690000	6700000	7	6695000	670	105	No	NA	CENTER	JU3125
III	6700000	6710000	15	6705000	671	105	No	NA	CENTER	JU3125
III	6710000	6720000	9	6715000	672	105	No	NA	CENTER	JU3125
III	6720000	6730000	12	6725000	673	105	No	NA	CENTER	JU3125
III	6730000	6740000	19	6735000	674	105	No	NA	CENTER	JU3125
III	6740000	6750000	16	6745000	675	105	No	NA	CENTER	JU3125
III	6750000	6760000	9	6755000	676	105	No	NA	CENTER	JU3125
III	6760000	6770000	15	6765000	677	105	No	NA	CENTER	JU3125
III	6770000	6780000	17	6775000	678	105	No	NA	CENTER	JU3125
III	6780000	6790000	6	6785000	679	105	No	NA	CENTER	JU3125
III	6790000	6800000	14	6795000	680	105	No	NA	CENTER	JU3125
III	6800000	6810000	10	6805000	681	105	No	NA	CENTER	JU3125
III	6810000	6820000	24	6815000	682	105	No	NA	CENTER	JU3125
III	6820000	6830000	10	6825000	683	105	No	NA	CENTER	JU3125
III	6830000	6840000	20	6835000	684	105	No	NA	CENTER	JU3125
III	6840000	6850000	11	6845000	685	105	No	NA	CENTER	JU3125
III	6850000	6860000	20	6855000	686	105	No	NA	CENTER	JU3125
III	6860000	6870000	13	6865000	687	105	No	NA	CENTER	JU3125
III	6870000	6880000	16	6875000	688	105	No	NA	CENTER	JU3125
III	6880000	6890000	10	6885000	689	105	No	NA	CENTER	JU3125
III	6890000	6900000	19	6895000	690	105	No	NA	CENTER	JU3125
III	6900000	6910000	18	6905000	691	105	No	NA	CENTER	JU3125
III	6910000	6920000	10	6915000	692	105	No	NA	CENTER	JU3125
III	6920000	6930000	17	6925000	693	105	No	NA	CENTER	JU3125
III	6930000	6940000	13	6935000	694	105	No	NA	CENTER	JU3125
III	6940000	6950000	13	6945000	695	105	No	NA	CENTER	JU3125
III	6950000	6960000	9	6955000	696	105	No	NA	CENTER	JU3125
III	6960000	6970000	4	6965000	697	105	No	NA	CENTER	JU3125
III	6970000	6980000	8	6975000	698	105	No	NA	CENTER	JU3125
III	6980000	6990000	18	6985000	699	105	No	NA	CENTER	JU3125
III	6990000	7000000	18	6995000	700	105	No	NA	CENTER	JU3125
III	7000000	7010000	11	7005000	701	105	No	NA	CENTER	JU3125
III	7010000	7020000	14	7015000	702	105	No	NA	CENTER	JU3125
III	7020000	7030000	10	7025000	703	105	No	NA	CENTER	JU3125
III	7030000	7040000	26	7035000	704	105	No	NA	CENTER	JU3125
III	7040000	7050000	15	7045000	705	105	No	NA	CENTER	JU3125
III	7050000	7060000	12	7055000	706	105	No	NA	CENTER	JU3125
III	7060000	7070000	14	7065000	707	105	No	NA	CENTER	JU3125
III	7070000	7080000	21	7075000	708	105	No	NA	CENTER	JU3125
III	7080000	7090000	16	7085000	709	105	No	NA	CENTER	JU3125
III	7090000	7100000	11	7095000	710	105	No	NA	CENTER	JU3125
III	7100000	7110000	12	7105000	711	105	No	NA	CENTER	JU3125
III	7110000	7120000	24	7115000	712	105	No	NA	CENTER	JU3125
III	7120000	7130000	22	7125000	713	105	No	NA	CENTER	JU3125
III	7130000	7140000	23	7135000	714	105	No	NA	CENTER	JU3125
III	7140000	7150000	27	7145000	715	105	No	NA	CENTER	JU3125
III	7150000	7160000	32	7155000	716	105	No	NA	CENTER	JU3125
III	7160000	7170000	20	7165000	717	105	No	NA	CENTER	JU3125
III	7170000	7180000	17	7175000	718	105	No	NA	CENTER	JU3125
III	7180000	7190000	15	7185000	719	105	No	NA	CENTER	JU3125
III	7190000	7200000	12	7195000	720	105	No	NA	CENTER	JU3125
III	7200000	7210000	13	7205000	721	105	No	NA	CENTER	JU3125
III	7210000	7220000	14	7215000	722	105	No	NA	CENTER	JU3125
III	7220000	7230000	9	7225000	723	105	No	NA	CENTER	JU3125
III	7230000	7240000	15	7235000	724	105	No	NA	CENTER	JU3125
III	7240000	7250000	17	7245000	725	105	No	NA	CENTER	JU3125
III	7250000	7260000	24	7255000	726	105	No	NA	CENTER	JU3125
III	7260000	7270000	19	7265000	727	105	No	NA	CENTER	JU3125
III	7270000	7280000	27	7275000	728	105	No	NA	CENTER	JU3125
III	7280000	7290000	12	7285000	729	105	No	NA	CENTER	JU3125
III	7290000	7300000	15	7295000	730	105	No	NA	CENTER	JU3125
III	7300000	7310000	22	7305000	731	105	No	NA	CENTER	JU3125
III	7310000	7320000	24	7315000	732	105	No	NA	CENTER	JU3125
III	7320000	7330000	24	7325000	733	105	No	NA	CENTER	JU3125
III	7330000	7340000	14	7335000	734	105	No	NA	CENTER	JU3125
III	7340000	7350000	10	7345000	735	105	No	NA	CENTER	JU3125
III	7350000	7360000	13	7355000	736	105	No	NA	CENTER	JU3125
III	7360000	7370000	18	7365000	737	105	No	NA	CENTER	JU3125
III	7370000	7380000	12	7375000	738	105	No	NA	CENTER	JU3125
III	7380000	7390000	17	7385000	739	105	No	NA	CENTER	JU3125
III	7390000	7400000	13	7395000	740	105	No	NA	CENTER	JU3125
III	7400000	7410000	2	7405000	741	105	No	NA	CENTER	JU3125
III	7410000	7420000	0	7415000	742	105	No	NA	CENTER	JU3125
III	7420000	7430000	3	7425000	743	105	No	NA	CENTER	JU3125
III	7430000	7440000	1	7435000	744	105	No	NA	CENTER	JU3125
III	7440000	7450000	19	7445000	745	105	No	NA	CENTER	JU3125
III	7450000	7460000	12	7455000	746	105	No	NA	CENTER	JU3125
III	7460000	7470000	7	7465000	747	105	No	NA	CENTER	JU3125
III	7470000	7480000	8	7475000	748	105	No	NA	CENTER	JU3125
III	7480000	7490000	5	7485000	749	105	No	NA	CENTER	JU3125
III	7490000	7500000	6	7495000	750	105	No	NA	CENTER	JU3125
III	7500000	7510000	7	7505000	751	105	No	NA	CENTER	JU3125
III	7510000	7520000	3	7515000	752	105	No	NA	CENTER	JU3125
III	7520000	7530000	4	7525000	753	105	No	NA	CENTER	JU3125
III	7530000	7540000	5	7535000	754	105	No	NA	CENTER	JU3125
III	7540000	7550000	7	7545000	755	105	No	NA	CENTER	JU3125
III	7550000	7560000	4	7555000	756	105	No	NA	CENTER	JU3125
III	7560000	7570000	6	7565000	757	105	No	NA	CENTER	JU3125
III	7570000	7580000	2	7575000	758	105	No	NA	CENTER	JU3125
III	7580000	7590000	4	7585000	759	105	No	NA	CENTER	JU3125
III	7590000	7600000	10	7595000	760	105	No	NA	CENTER	JU3125
III	7600000	7610000	11	7605000	761	105	No	NA	CENTER	JU3125
III	7610000	7620000	7	7615000	762	105	No	NA	CENTER	JU3125
III	7620000	7630000	6	7625000	763	105	No	NA	CENTER	JU3125
III	7630000	7640000	1	7635000	764	105	No	NA	CENTER	JU3125
III	7640000	7650000	15	7645000	765	105	No	NA	CENTER	JU3125
III	7650000	7660000	3	7655000	766	105	No	NA	CENTER	JU3125
III	7660000	7670000	6	7665000	767	105	No	NA	CENTER	JU3125
III	7670000	7680000	13	7675000	768	105	No	NA	CENTER	JU3125
III	7680000	7690000	3	7685000	769	105	No	NA	CENTER	JU3125
III	7690000	7700000	2	7695000	770	105	No	NA	CENTER	JU3125
III	7700000	7710000	6	7705000	771	105	No	NA	CENTER	JU3125
III	7710000	7720000	23	7715000	772	105	No	NA	CENTER	JU3125
III	7720000	7730000	13	7725000	773	105	No	NA	CENTER	JU3125
III	7730000	7740000	11	7735000	774	105	No	NA	CENTER	JU3125
III	7740000	7750000	8	7745000	775	105	No	NA	CENTER	JU3125
III	7750000	7760000	14	7755000	776	105	No	NA	CENTER	JU3125
III	7760000	7770000	7	7765000	777	105	No	NA	CENTER	JU3125
III	7770000	7780000	10	7775000	778	105	No	NA	CENTER	JU3125
III	7780000	7790000	8	7785000	779	105	No	NA	CENTER	JU3125
III	7790000	7800000	7	7795000	780	105	No	NA	CENTER	JU3125
III	7800000	7810000	8	7805000	781	105	No	NA	CENTER	JU3125
III	7810000	7820000	13	7815000	782	105	No	NA	CENTER	JU3125
III	7820000	7830000	12	7825000	783	105	No	NA	CENTER	JU3125
III	7830000	7840000	9	7835000	784	105	No	NA	CENTER	JU3125
III	7840000	7850000	10	7845000	785	105	No	NA	CENTER	JU3125
III	7850000	7860000	7	7855000	786	105	No	NA	CENTER	JU3125
III	7860000	7870000	9	7865000	787	105	No	NA	CENTER	JU3125
III	7870000	7880000	10	7875000	788	105	No	NA	CENTER	JU3125
III	7880000	7890000	10	7885000	789	105	No	NA	CENTER	JU3125
III	7890000	7900000	10	7895000	790	105	No	NA	CENTER	JU3125
III	7900000	7910000	1	7905000	791	105	No	NA	CENTER	JU3125
III	7910000	7920000	5	7915000	792	105	No	NA	CENTER	JU3125
III	7920000	7930000	3	7925000	793	105	No	NA	CENTER	JU3125
III	7930000	7940000	4	7935000	794	105	No	NA	CENTER	JU3125
III	7940000	7950000	5	7945000	795	105	No	NA	CENTER	JU3125
III	7950000	7960000	12	7955000	796	105	No	NA	CENTER	JU3125
III	7960000	7970000	4	7965000	797	105	No	NA	CENTER	JU3125
III	7970000	7980000	3	7975000	798	105	No	NA	CENTER	JU3125
III	7980000	7990000	4	7985000	799	105	No	NA	CENTER	JU3125
III	7990000	8000000	4	7995000	800	105	No	NA	CENTER	JU3125
III	8000000	8010000	11	8005000	801	105	No	NA	CENTER	JU3125
III	8010000	8020000	9	8015000	802	105	No	NA	CENTER	JU3125
III	8020000	8030000	7	8025000	803	105	No	NA	CENTER	JU3125
III	8030000	8040000	6	8035000	804	105	No	NA	CENTER	JU3125
III	8040000	8050000	2	8045000	805	105	No	NA	CENTER	JU3125
III	8050000	8060000	6	8055000	806	105	No	NA	CENTER	JU3125
III	8060000	8070000	4	8065000	807	105	No	NA	CENTER	JU3125
III	8070000	8080000	3	8075000	808	105	No	NA	CENTER	JU3125
III	8080000	8090000	14	8085000	809	105	No	NA	CENTER	JU3125
III	8090000	8100000	10	8095000	810	105	No	NA	CENTER	JU3125
III	8100000	8110000	6	8105000	811	105	No	NA	CENTER	JU3125
III	8110000	8120000	6	8115000	812	105	No	NA	CENTER	JU3125
III	8120000	8130000	9	8125000	813	105	No	NA	CENTER	JU3125
III	8130000	8140000	3	8135000	814	105	No	NA	CENTER	JU3125
III	8140000	8150000	2	8145000	815	105	No	NA	CENTER	JU3125
III	8150000	8160000	9	8155000	816	105	No	NA	CENTER	JU3125
III	8160000	8170000	3	8165000	817	105	No	NA	CENTER	JU3125
III	8170000	8180000	2	8175000	818	105	No	NA	CENTER	JU3125
III	8180000	8190000	6	8185000	819	105	No	NA	CENTER	JU3125
III	8190000	8200000	6	8195000	820	105	No	NA	CENTER	JU3125
III	8200000	8210000	6	8205000	821	105	No	NA	CENTER	JU3125
III	8210000	8220000	3	8215000	822	105	No	NA	CENTER	JU3125
III	8220000	8230000	5	8225000	823	105	No	NA	CENTER	JU3125
III	8230000	8240000	2	8235000	824	105	No	NA	CENTER	JU3125
III	8240000	8250000	3	8245000	825	105	No	NA	CENTER	JU3125
III	8250000	8260000	3	8255000	826	105	No	NA	CENTER	JU3125
III	8260000	8270000	7	8265000	827	105	No	NA	CENTER	JU3125
III	8270000	8280000	2	8275000	828	105	No	NA	CENTER	JU3125
III	8280000	8290000	7	8285000	829	105	No	NA	CENTER	JU3125
III	8290000	8300000	5	8295000	830	105	No	NA	CENTER	JU3125
III	8300000	8310000	3	8305000	831	105	No	NA	CENTER	JU3125
III	8310000	8320000	7	8315000	832	105	No	NA	CENTER	JU3125
III	8320000	8330000	7	8325000	833	105	No	NA	CENTER	JU3125
III	8330000	8340000	5	8335000	834	105	No	NA	CENTER	JU3125
III	8340000	8350000	0	8345000	835	105	No	NA	CENTER	JU3125
III	8350000	8360000	5	8355000	836	105	No	NA	CENTER	JU3125
III	8360000	8370000	5	8365000	837	105	No	NA	CENTER	JU3125
III	8370000	8380000	3	8375000	838	105	No	NA	CENTER	JU3125
III	8380000	8390000	5	8385000	839	105	No	NA	CENTER	JU3125
III	8390000	8400000	4	8395000	840	105	No	NA	CENTER	JU3125
III	8400000	8410000	2	8405000	841	105	No	NA	CENTER	JU3125
III	8410000	8420000	10	8415000	842	105	No	NA	CENTER	JU3125
III	8420000	8430000	10	8425000	843	105	No	NA	CENTER	JU3125
III	8430000	8440000	23	8435000	844	105	No	NA	CENTER	JU3125
III	8440000	8450000	14	8445000	845	105	No	NA	CENTER	JU3125
III	8450000	8460000	13	8455000	846	105	No	NA	CENTER	JU3125
III	8460000	8470000	17	8465000	847	105	No	NA	CENTER	JU3125
III	8470000	8480000	15	8475000	848	105	No	NA	CENTER	JU3125
III	8480000	8490000	8	8485000	849	105	No	NA	CENTER	JU3125
III	8490000	8500000	12	8495000	850	105	No	NA	CENTER	JU3125
III	8500000	8510000	15	8505000	851	105	No	NA	CENTER	JU3125
III	8510000	8520000	16	8515000	852	105	No	NA	CENTER	JU3125
III	8520000	8530000	24	8525000	853	105	No	NA	CENTER	JU3125
III	8530000	8540000	18	8535000	854	105	No	NA	CENTER	JU3125
III	8540000	8550000	26	8545000	855	105	No	NA	CENTER	JU3125
III	8550000	8560000	14	8555000	856	105	No	NA	CENTER	JU3125
III	8560000	8570000	17	8565000	857	105	No	NA	CENTER	JU3125
III	8570000	8580000	21	8575000	858	105	No	NA	CENTER	JU3125
III	8580000	8590000	15	8585000	859	105	No	NA	CENTER	JU3125
III	8590000	8600000	18	8595000	860	105	No	NA	CENTER	JU3125
III	8600000	8610000	11	8605000	861	105	No	NA	CENTER	JU3125
III	8610000	8620000	11	8615000	862	105	No	NA	CENTER	JU3125
III	8620000	8630000	10	8625000	863	105	No	NA	CENTER	JU3125
III	8630000	8640000	12	8635000	864	105	No	NA	CENTER	JU3125
III	8640000	8650000	38	8645000	865	105	No	NA	CENTER	JU3125
III	8650000	8660000	13	8655000	866	105	No	NA	CENTER	JU3125
III	8660000	8670000	11	8665000	867	105	No	NA	CENTER	JU3125
III	8670000	8680000	10	8675000	868	105	No	NA	CENTER	JU3125
III	8680000	8690000	21	8685000	869	105	No	NA	CENTER	JU3125
III	8690000	8700000	30	8695000	870	105	No	NA	CENTER	JU3125
III	8700000	8710000	21	8705000	871	105	No	NA	CENTER	JU3125
III	8710000	8720000	33	8715000	872	105	No	NA	CENTER	JU3125
III	8720000	8730000	13	8725000	873	105	No	NA	CENTER	JU3125
III	8730000	8740000	14	8735000	874	105	No	NA	CENTER	JU3125
III	8740000	8750000	19	8745000	875	105	No	NA	CENTER	JU3125
III	8750000	8760000	9	8755000	876	105	No	NA	CENTER	JU3125
III	8760000	8770000	24	8765000	877	105	No	NA	CENTER	JU3125
III	8770000	8780000	17	8775000	878	105	No	NA	CENTER	JU3125
III	8780000	8790000	29	8785000	879	105	No	NA	CENTER	JU3125
III	8790000	8800000	15	8795000	880	105	No	NA	CENTER	JU3125
III	8800000	8810000	5	8805000	881	105	No	NA	CENTER	JU3125
III	8810000	8820000	15	8815000	882	105	No	NA	CENTER	JU3125
III	8820000	8830000	2	8825000	883	105	No	NA	CENTER	JU3125
III	8830000	8840000	4	8835000	884	105	No	NA	CENTER	JU3125
III	8840000	8850000	7	8845000	885	105	No	NA	CENTER	JU3125
III	8850000	8860000	13	8855000	886	105	No	NA	CENTER	JU3125
III	8860000	8870000	19	8865000	887	105	No	NA	CENTER	JU3125
III	8870000	8880000	9	8875000	888	105	No	NA	CENTER	JU3125
III	8880000	8890000	6	8885000	889	105	No	NA	CENTER	JU3125
III	8890000	8900000	11	8895000	890	105	No	NA	CENTER	JU3125
III	8900000	8910000	11	8905000	891	105	No	NA	CENTER	JU3125
III	8910000	8920000	14	8915000	892	105	No	NA	CENTER	JU3125
III	8920000	8930000	28	8925000	893	105	No	NA	CENTER	JU3125
III	8930000	8940000	10	8935000	894	105	No	NA	CENTER	JU3125
III	8940000	8950000	18	8945000	895	105	No	NA	CENTER	JU3125
III	8950000	8960000	9	8955000	896	105	No	NA	CENTER	JU3125
III	8960000	8970000	3	8965000	897	105	No	NA	CENTER	JU3125
III	8970000	8980000	15	8975000	898	105	No	NA	CENTER	JU3125
III	8980000	8990000	10	8985000	899	105	No	NA	CENTER	JU3125
III	8990000	9000000	7	8995000	900	105	No	NA	CENTER	JU3125
III	9000000	9010000	13	9005000	901	105	No	NA	CENTER	JU3125
III	9010000	9020000	11	9015000	902	105	No	NA	CENTER	JU3125
III	9020000	9030000	21	9025000	903	105	No	NA	CENTER	JU3125
III	9030000	9040000	7	9035000	904	105	No	NA	CENTER	JU3125
III	9040000	9050000	17	9045000	905	105	No	NA	CENTER	JU3125
III	9050000	9060000	6	9055000	906	105	No	NA	CENTER	JU3125
III	9060000	9070000	5	9065000	907	105	No	NA	CENTER	JU3125
III	9070000	9080000	8	9075000	908	105	No	NA	CENTER	JU3125
III	9080000	9090000	3	9085000	909	105	No	NA	CENTER	JU3125
III	9090000	9100000	6	9095000	910	105	No	NA	CENTER	JU3125
III	9100000	9110000	18	9105000	911	105	No	NA	CENTER	JU3125
III	9110000	9120000	10	9115000	912	105	No	NA	CENTER	JU3125
III	9120000	9130000	7	9125000	913	105	No	NA	CENTER	JU3125
III	9130000	9140000	11	9135000	914	105	No	NA	CENTER	JU3125
III	9140000	9150000	5	9145000	915	105	No	NA	CENTER	JU3125
III	9150000	9160000	4	9155000	916	105	No	NA	CENTER	JU3125
III	9160000	9170000	7	9165000	917	105	No	NA	CENTER	JU3125
III	9170000	9180000	7	9175000	918	105	No	NA	CENTER	JU3125
III	9180000	9190000	8	9185000	919	105	No	NA	CENTER	JU3125
III	9190000	9200000	3	9195000	920	105	No	NA	CENTER	JU3125
III	9200000	9210000	3	9205000	921	105	No	NA	CENTER	JU3125
III	9210000	9220000	13	9215000	922	105	No	NA	CENTER	JU3125
III	9220000	9230000	6	9225000	923	105	No	NA	CENTER	JU3125
III	9230000	9240000	5	9235000	924	105	No	NA	CENTER	JU3125
III	9240000	9250000	4	9245000	925	105	No	NA	CENTER	JU3125
III	9250000	9260000	4	9255000	926	105	No	NA	CENTER	JU3125
III	9260000	9270000	14	9265000	927	105	No	NA	CENTER	JU3125
III	9270000	9280000	7	9275000	928	105	No	NA	CENTER	JU3125
III	9280000	9290000	8	9285000	929	105	No	NA	CENTER	JU3125
III	9290000	9300000	9	9295000	930	105	No	NA	CENTER	JU3125
III	9300000	9310000	8	9305000	931	105	No	NA	CENTER	JU3125
III	9310000	9320000	5	9315000	932	105	No	NA	CENTER	JU3125
III	9320000	9330000	4	9325000	933	105	No	NA	CENTER	JU3125
III	9330000	9340000	3	9335000	934	105	No	NA	CENTER	JU3125
III	9340000	9350000	12	9345000	935	105	No	NA	CENTER	JU3125
III	9350000	9360000	10	9355000	936	105	No	NA	CENTER	JU3125
III	9360000	9370000	4	9365000	937	105	No	NA	CENTER	JU3125
III	9370000	9380000	10	9375000	938	105	No	NA	CENTER	JU3125
III	9380000	9390000	7	9385000	939	105	No	NA	CENTER	JU3125
III	9390000	9400000	8	9395000	940	105	No	NA	CENTER	JU3125
III	9400000	9410000	10	9405000	941	105	No	NA	CENTER	JU3125
III	9410000	9420000	6	9415000	942	105	No	NA	CENTER	JU3125
III	9420000	9430000	5	9425000	943	105	No	NA	CENTER	JU3125
III	9430000	9440000	9	9435000	944	105	No	NA	CENTER	JU3125
III	9440000	9450000	5	9445000	945	105	No	NA	CENTER	JU3125
III	9450000	9460000	1	9455000	946	105	No	NA	CENTER	JU3125
III	9460000	9470000	1	9465000	947	105	No	NA	CENTER	JU3125
III	9470000	9480000	3	9475000	948	105	No	NA	CENTER	JU3125
III	9480000	9490000	2	9485000	949	105	No	NA	CENTER	JU3125
III	9490000	9500000	4	9495000	950	105	No	NA	CENTER	JU3125
III	9500000	9510000	6	9505000	951	105	No	NA	CENTER	JU3125
III	9510000	9520000	11	9515000	952	105	No	NA	CENTER	JU3125
III	9520000	9530000	1	9525000	953	105	No	NA	CENTER	JU3125
III	9530000	9540000	12	9535000	954	105	No	NA	CENTER	JU3125
III	9540000	9550000	4	9545000	955	105	No	NA	CENTER	JU3125
III	9550000	9560000	10	9555000	956	105	No	NA	CENTER	JU3125
III	9560000	9570000	13	9565000	957	105	No	NA	CENTER	JU3125
III	9570000	9580000	37	9575000	958	105	No	NA	CENTER	JU3125
III	9580000	9590000	12	9585000	959	105	No	NA	CENTER	JU3125
III	9590000	9600000	8	9595000	960	105	No	NA	CENTER	JU3125
III	9600000	9610000	12	9605000	961	105	No	NA	CENTER	JU3125
III	9610000	9620000	8	9615000	962	105	No	NA	CENTER	JU3125
III	9620000	9630000	11	9625000	963	105	No	NA	CENTER	JU3125
III	9630000	9640000	9	9635000	964	105	No	NA	CENTER	JU3125
III	9640000	9650000	19	9645000	965	105	No	NA	CENTER	JU3125
III	9650000	9660000	14	9655000	966	105	No	NA	CENTER	JU3125
III	9660000	9670000	11	9665000	967	105	No	NA	CENTER	JU3125
III	9670000	9680000	3	9675000	968	105	No	NA	CENTER	JU3125
III	9680000	9690000	4	9685000	969	105	No	NA	CENTER	JU3125
III	9690000	9700000	5	9695000	970	105	No	NA	CENTER	JU3125
III	9700000	9710000	10	9705000	971	105	No	NA	CENTER	JU3125
III	9710000	9720000	1	9715000	972	105	No	NA	CENTER	JU3125
III	9720000	9730000	5	9725000	973	105	No	NA	CENTER	JU3125
III	9730000	9740000	13	9735000	974	105	No	NA	CENTER	JU3125
III	9740000	9750000	23	9745000	975	105	No	NA	CENTER	JU3125
III	9750000	9760000	13	9755000	976	105	No	NA	CENTER	JU3125
III	9760000	9770000	9	9765000	977	105	No	NA	CENTER	JU3125
III	9770000	9780000	10	9775000	978	105	No	NA	CENTER	JU3125
III	9780000	9790000	9	9785000	979	105	No	NA	CENTER	JU3125
III	9790000	9800000	9	9795000	980	105	No	NA	CENTER	JU3125
III	9800000	9810000	5	9805000	981	105	No	NA	CENTER	JU3125
III	9810000	9820000	8	9815000	982	105	No	NA	CENTER	JU3125
III	9820000	9830000	5	9825000	983	105	No	NA	CENTER	JU3125
III	9830000	9840000	17	9835000	984	105	No	NA	CENTER	JU3125
III	9840000	9850000	13	9845000	985	105	No	NA	CENTER	JU3125
III	9850000	9860000	8	9855000	986	105	No	NA	CENTER	JU3125
III	9860000	9870000	5	9865000	987	105	No	NA	CENTER	JU3125
III	9870000	9880000	6	9875000	988	105	No	NA	CENTER	JU3125
III	9880000	9890000	9	9885000	989	105	No	NA	CENTER	JU3125
III	9890000	9900000	9	9895000	990	105	No	NA	CENTER	JU3125
III	9900000	9910000	6	9905000	991	105	No	NA	CENTER	JU3125
III	9910000	9920000	17	9915000	992	105	No	NA	CENTER	JU3125
III	9920000	9930000	15	9925000	993	105	No	NA	CENTER	JU3125
III	9930000	9940000	6	9935000	994	105	No	NA	CENTER	JU3125
III	9940000	9950000	9	9945000	995	105	No	NA	CENTER	JU3125
III	9950000	9960000	7	9955000	996	105	No	NA	CENTER	JU3125
III	9960000	9970000	9	9965000	997	105	No	NA	CENTER	JU3125
III	9970000	9980000	10	9975000	998	105	No	NA	CENTER	JU3125
III	9980000	9990000	8	9985000	999	105	No	NA	CENTER	JU3125
III	9990000	10000000	9	9995000	1000	105	No	NA	CENTER	JU3125
III	10000000	10010000	13	10005000	1001	105	No	NA	CENTER	JU3125
III	10010000	10020000	11	10015000	1002	105	No	NA	CENTER	JU3125
III	10020000	10030000	20	10025000	1003	105	No	NA	CENTER	JU3125
III	10030000	10040000	15	10035000	1004	105	No	NA	CENTER	JU3125
III	10040000	10050000	4	10045000	1005	105	No	NA	CENTER	JU3125
III	10050000	10060000	13	10055000	1006	105	No	NA	CENTER	JU3125
III	10060000	10070000	5	10065000	1007	105	No	NA	CENTER	JU3125
III	10070000	10080000	1	10075000	1008	105	No	NA	CENTER	JU3125
III	10080000	10090000	0	10085000	1009	105	No	NA	CENTER	JU3125
III	10090000	10100000	0	10095000	1010	105	No	NA	CENTER	JU3125
III	10100000	10110000	5	10105000	1011	105	No	NA	CENTER	JU3125
III	10110000	10120000	0	10115000	1012	105	No	NA	CENTER	JU3125
III	10120000	10130000	3	10125000	1013	105	No	NA	CENTER	JU3125
III	10130000	10140000	2	10135000	1014	105	No	NA	CENTER	JU3125
III	10140000	10150000	3	10145000	1015	105	No	NA	CENTER	JU3125
III	10150000	10160000	2	10155000	1016	105	No	NA	CENTER	JU3125
III	10160000	10170000	2	10165000	1017	105	No	NA	CENTER	JU3125
III	10170000	10180000	1	10175000	1018	105	No	NA	CENTER	JU3125
III	10180000	10190000	1	10185000	1019	105	No	NA	CENTER	JU3125
III	10190000	10200000	0	10195000	1020	105	No	NA	CENTER	JU3125
III	10200000	10210000	0	10205000	1021	105	No	NA	CENTER	JU3125
III	10210000	10220000	1	10215000	1022	105	No	NA	CENTER	JU3125
III	10220000	10230000	5	10225000	1023	105	No	NA	CENTER	JU3125
III	10230000	10240000	0	10235000	1024	105	No	NA	CENTER	JU3125
III	10240000	10250000	0	10245000	1025	105	No	NA	CENTER	JU3125
III	10250000	10260000	0	10255000	1026	105	No	NA	CENTER	JU3125
III	10260000	10270000	0	10265000	1027	105	No	NA	CENTER	JU3125
III	10270000	10280000	1	10275000	1028	105	No	NA	CENTER	JU3125
III	10280000	10290000	1	10285000	1029	105	No	NA	CENTER	JU3125
III	10290000	10300000	4	10295000	1030	105	No	NA	CENTER	JU3125
III	10300000	10310000	1	10305000	1031	105	No	NA	CENTER	JU3125
III	10310000	10320000	1	10315000	1032	105	No	NA	CENTER	JU3125
III	10320000	10330000	2	10325000	1033	105	No	NA	CENTER	JU3125
III	10330000	10340000	0	10335000	1034	105	No	NA	CENTER	JU3125
III	10340000	10350000	1	10345000	1035	105	No	NA	RIGHT_ARM	JU3125
III	10350000	10360000	3	10355000	1036	105	No	NA	RIGHT_ARM	JU3125
III	10360000	10370000	3	10365000	1037	105	No	NA	RIGHT_ARM	JU3125
III	10370000	10380000	8	10375000	1038	105	No	NA	RIGHT_ARM	JU3125
III	10380000	10390000	2	10385000	1039	105	No	NA	RIGHT_ARM	JU3125
III	10390000	10400000	1	10395000	1040	105	No	NA	RIGHT_ARM	JU3125
III	10400000	10410000	1	10405000	1041	105	No	NA	RIGHT_ARM	JU3125
III	10410000	10420000	2	10415000	1042	105	No	NA	RIGHT_ARM	JU3125
III	10420000	10430000	2	10425000	1043	105	No	NA	RIGHT_ARM	JU3125
III	10430000	10440000	1	10435000	1044	105	No	NA	RIGHT_ARM	JU3125
III	10440000	10450000	2	10445000	1045	105	No	NA	RIGHT_ARM	JU3125
III	10450000	10460000	0	10455000	1046	105	No	NA	RIGHT_ARM	JU3125
III	10460000	10470000	1	10465000	1047	105	No	NA	RIGHT_ARM	JU3125
III	10470000	10480000	0	10475000	1048	105	No	NA	RIGHT_ARM	JU3125
III	10480000	10490000	2	10485000	1049	105	No	NA	RIGHT_ARM	JU3125
III	10490000	10500000	2	10495000	1050	105	No	NA	RIGHT_ARM	JU3125
III	10500000	10510000	3	10505000	1051	105	No	NA	RIGHT_ARM	JU3125
III	10510000	10520000	7	10515000	1052	105	No	NA	RIGHT_ARM	JU3125
III	10520000	10530000	2	10525000	1053	105	No	NA	RIGHT_ARM	JU3125
III	10530000	10540000	5	10535000	1054	105	No	NA	RIGHT_ARM	JU3125
III	10540000	10550000	5	10545000	1055	105	No	NA	RIGHT_ARM	JU3125
III	10550000	10560000	2	10555000	1056	105	No	NA	RIGHT_ARM	JU3125
III	10560000	10570000	0	10565000	1057	105	No	NA	RIGHT_ARM	JU3125
III	10570000	10580000	1	10575000	1058	105	No	NA	RIGHT_ARM	JU3125
III	10580000	10590000	0	10585000	1059	105	No	NA	RIGHT_ARM	JU3125
III	10590000	10600000	2	10595000	1060	105	No	NA	RIGHT_ARM	JU3125
III	10600000	10610000	4	10605000	1061	105	No	NA	RIGHT_ARM	JU3125
III	10610000	10620000	6	10615000	1062	105	No	NA	RIGHT_ARM	JU3125
III	10620000	10630000	5	10625000	1063	105	No	NA	RIGHT_ARM	JU3125
III	10630000	10640000	1	10635000	1064	105	No	NA	RIGHT_ARM	JU3125
III	10640000	10650000	2	10645000	1065	105	No	NA	RIGHT_ARM	JU3125
III	10650000	10660000	1	10655000	1066	105	No	NA	RIGHT_ARM	JU3125
III	10660000	10670000	1	10665000	1067	105	No	NA	RIGHT_ARM	JU3125
III	10670000	10680000	2	10675000	1068	105	No	NA	RIGHT_ARM	JU3125
III	10680000	10690000	0	10685000	1069	105	No	NA	RIGHT_ARM	JU3125
III	10690000	10700000	36	10695000	1070	105	No	NA	RIGHT_ARM	JU3125
III	10700000	10710000	20	10705000	1071	105	No	NA	RIGHT_ARM	JU3125
III	10710000	10720000	4	10715000	1072	105	No	NA	RIGHT_ARM	JU3125
III	10720000	10730000	2	10725000	1073	105	No	NA	RIGHT_ARM	JU3125
III	10730000	10740000	4	10735000	1074	105	No	NA	RIGHT_ARM	JU3125
III	10740000	10750000	2	10745000	1075	105	No	NA	RIGHT_ARM	JU3125
III	10750000	10760000	2	10755000	1076	105	No	NA	RIGHT_ARM	JU3125
III	10760000	10770000	5	10765000	1077	105	No	NA	RIGHT_ARM	JU3125
III	10770000	10780000	4	10775000	1078	105	No	NA	RIGHT_ARM	JU3125
III	10780000	10790000	3	10785000	1079	105	No	NA	RIGHT_ARM	JU3125
III	10790000	10800000	3	10795000	1080	105	No	NA	RIGHT_ARM	JU3125
III	10800000	10810000	3	10805000	1081	105	No	NA	RIGHT_ARM	JU3125
III	10810000	10820000	5	10815000	1082	105	No	NA	RIGHT_ARM	JU3125
III	10820000	10830000	2	10825000	1083	105	No	NA	RIGHT_ARM	JU3125
III	10830000	10840000	3	10835000	1084	105	No	NA	RIGHT_ARM	JU3125
III	10840000	10850000	3	10845000	1085	105	No	NA	RIGHT_ARM	JU3125
III	10850000	10860000	1	10855000	1086	105	No	NA	RIGHT_ARM	JU3125
III	10860000	10870000	15	10865000	1087	105	No	NA	RIGHT_ARM	JU3125
III	10870000	10880000	9	10875000	1088	105	No	NA	RIGHT_ARM	JU3125
III	10880000	10890000	5	10885000	1089	105	No	NA	RIGHT_ARM	JU3125
III	10890000	10900000	8	10895000	1090	105	No	NA	RIGHT_ARM	JU3125
III	10900000	10910000	7	10905000	1091	105	No	NA	RIGHT_ARM	JU3125
III	10910000	10920000	4	10915000	1092	105	No	NA	RIGHT_ARM	JU3125
III	10920000	10930000	46	10925000	1093	105	No	NA	RIGHT_ARM	JU3125
III	10930000	10940000	40	10935000	1094	105	No	NA	RIGHT_ARM	JU3125
III	10940000	10950000	58	10945000	1095	55	Yes	Up	RIGHT_ARM	JU3125
III	10950000	10960000	47	10955000	1096	105	No	NA	RIGHT_ARM	JU3125
III	10960000	10970000	35	10965000	1097	105	No	NA	RIGHT_ARM	JU3125
III	10970000	10980000	15	10975000	1098	105	No	NA	RIGHT_ARM	JU3125
III	10980000	10990000	29	10985000	1099	105	No	NA	RIGHT_ARM	JU3125
III	10990000	11000000	5	10995000	1100	105	No	NA	RIGHT_ARM	JU3125
III	11000000	11010000	2	11005000	1101	105	No	NA	RIGHT_ARM	JU3125
III	11010000	11020000	7	11015000	1102	105	No	NA	RIGHT_ARM	JU3125
III	11020000	11030000	1	11025000	1103	105	No	NA	RIGHT_ARM	JU3125
III	11030000	11040000	3	11035000	1104	105	No	NA	RIGHT_ARM	JU3125
III	11040000	11050000	5	11045000	1105	105	No	NA	RIGHT_ARM	JU3125
III	11050000	11060000	3	11055000	1106	105	No	NA	RIGHT_ARM	JU3125
III	11060000	11070000	2	11065000	1107	105	No	NA	RIGHT_ARM	JU3125
III	11070000	11080000	6	11075000	1108	105	No	NA	RIGHT_ARM	JU3125
III	11080000	11090000	0	11085000	1109	105	No	NA	RIGHT_ARM	JU3125
III	11090000	11100000	3	11095000	1110	105	No	NA	RIGHT_ARM	JU3125
III	11100000	11110000	6	11105000	1111	105	No	NA	RIGHT_ARM	JU3125
III	11110000	11120000	7	11115000	1112	105	No	NA	RIGHT_ARM	JU3125
III	11120000	11130000	6	11125000	1113	105	No	NA	RIGHT_ARM	JU3125
III	11130000	11140000	3	11135000	1114	105	No	NA	RIGHT_ARM	JU3125
III	11140000	11150000	2	11145000	1115	105	No	NA	RIGHT_ARM	JU3125
III	11150000	11160000	5	11155000	1116	105	No	NA	RIGHT_ARM	JU3125
III	11160000	11170000	2	11165000	1117	105	No	NA	RIGHT_ARM	JU3125
III	11170000	11180000	7	11175000	1118	105	No	NA	RIGHT_ARM	JU3125
III	11180000	11190000	24	11185000	1119	105	No	NA	RIGHT_ARM	JU3125
III	11190000	11200000	23	11195000	1120	105	No	NA	RIGHT_ARM	JU3125
III	11200000	11210000	18	11205000	1121	105	No	NA	RIGHT_ARM	JU3125
III	11210000	11220000	19	11215000	1122	105	No	NA	RIGHT_ARM	JU3125
III	11220000	11230000	12	11225000	1123	105	No	NA	RIGHT_ARM	JU3125
III	11230000	11240000	26	11235000	1124	105	No	NA	RIGHT_ARM	JU3125
III	11240000	11250000	31	11245000	1125	105	No	NA	RIGHT_ARM	JU3125
III	11250000	11260000	42	11255000	1126	105	No	NA	RIGHT_ARM	JU3125
III	11260000	11270000	34	11265000	1127	105	No	NA	RIGHT_ARM	JU3125
III	11270000	11280000	55	11275000	1128	61	Yes	Up	RIGHT_ARM	JU3125
III	11280000	11290000	18	11285000	1129	105	No	NA	RIGHT_ARM	JU3125
III	11290000	11300000	0	11295000	1130	105	No	NA	RIGHT_ARM	JU3125
III	11300000	11310000	0	11305000	1131	105	No	NA	RIGHT_ARM	JU3125
III	11310000	11320000	2	11315000	1132	105	No	NA	RIGHT_ARM	JU3125
III	11320000	11330000	2	11325000	1133	105	No	NA	RIGHT_ARM	JU3125
III	11330000	11340000	1	11335000	1134	105	No	NA	RIGHT_ARM	JU3125
III	11340000	11350000	2	11345000	1135	105	No	NA	RIGHT_ARM	JU3125
III	11350000	11360000	2	11355000	1136	105	No	NA	RIGHT_ARM	JU3125
III	11360000	11370000	0	11365000	1137	105	No	NA	RIGHT_ARM	JU3125
III	11370000	11380000	0	11375000	1138	105	No	NA	RIGHT_ARM	JU3125
III	11380000	11390000	0	11385000	1139	105	No	NA	RIGHT_ARM	JU3125
III	11390000	11400000	0	11395000	1140	105	No	NA	RIGHT_ARM	JU3125
III	11400000	11410000	1	11405000	1141	105	No	NA	RIGHT_ARM	JU3125
III	11410000	11420000	1	11415000	1142	105	No	NA	RIGHT_ARM	JU3125
III	11420000	11430000	0	11425000	1143	105	No	NA	RIGHT_ARM	JU3125
III	11430000	11440000	0	11435000	1144	105	No	NA	RIGHT_ARM	JU3125
III	11440000	11450000	1	11445000	1145	105	No	NA	RIGHT_ARM	JU3125
III	11450000	11460000	2	11455000	1146	105	No	NA	RIGHT_ARM	JU3125
III	11460000	11470000	1	11465000	1147	105	No	NA	RIGHT_ARM	JU3125
III	11470000	11480000	3	11475000	1148	105	No	NA	RIGHT_ARM	JU3125
III	11480000	11490000	1	11485000	1149	105	No	NA	RIGHT_ARM	JU3125
III	11490000	11500000	2	11495000	1150	105	No	NA	RIGHT_ARM	JU3125
III	11500000	11510000	4	11505000	1151	105	No	NA	RIGHT_ARM	JU3125
III	11510000	11520000	4	11515000	1152	105	No	NA	RIGHT_ARM	JU3125
III	11520000	11530000	1	11525000	1153	105	No	NA	RIGHT_ARM	JU3125
III	11530000	11540000	1	11535000	1154	105	No	NA	RIGHT_ARM	JU3125
III	11540000	11550000	0	11545000	1155	105	No	NA	RIGHT_ARM	JU3125
III	11550000	11560000	2	11555000	1156	105	No	NA	RIGHT_ARM	JU3125
III	11560000	11570000	1	11565000	1157	105	No	NA	RIGHT_ARM	JU3125
III	11570000	11580000	2	11575000	1158	105	No	NA	RIGHT_ARM	JU3125
III	11580000	11590000	1	11585000	1159	105	No	NA	RIGHT_ARM	JU3125
III	11590000	11600000	2	11595000	1160	105	No	NA	RIGHT_ARM	JU3125
III	11600000	11610000	0	11605000	1161	105	No	NA	RIGHT_ARM	JU3125
III	11610000	11620000	1	11615000	1162	105	No	NA	RIGHT_ARM	JU3125
III	11620000	11630000	0	11625000	1163	105	No	NA	RIGHT_ARM	JU3125
III	11630000	11640000	5	11635000	1164	105	No	NA	RIGHT_ARM	JU3125
III	11640000	11650000	15	11645000	1165	105	No	NA	RIGHT_ARM	JU3125
III	11650000	11660000	18	11655000	1166	105	No	NA	RIGHT_ARM	JU3125
III	11660000	11670000	13	11665000	1167	105	No	NA	RIGHT_ARM	JU3125
III	11670000	11680000	47	11675000	1168	105	No	NA	RIGHT_ARM	JU3125
III	11680000	11690000	52	11685000	1169	105	No	NA	RIGHT_ARM	JU3125
III	11690000	11700000	53	11695000	1170	105	No	NA	RIGHT_ARM	JU3125
III	11700000	11710000	38	11705000	1171	105	No	NA	RIGHT_ARM	JU3125
III	11710000	11720000	56	11715000	1172	105	No	NA	RIGHT_ARM	JU3125
III	11720000	11730000	51	11725000	1173	105	No	NA	RIGHT_ARM	JU3125
III	11730000	11740000	64	11735000	1174	105	No	NA	RIGHT_ARM	JU3125
III	11740000	11750000	26	11745000	1175	105	No	NA	RIGHT_ARM	JU3125
III	11750000	11760000	68	11755000	1176	62	Yes	Up	RIGHT_ARM	JU3125
III	11760000	11770000	71	11765000	1177	56	Yes	Up	RIGHT_ARM	JU3125
III	11770000	11780000	15	11775000	1178	105	No	NA	RIGHT_ARM	JU3125
III	11780000	11790000	20	11785000	1179	105	No	NA	RIGHT_ARM	JU3125
III	11790000	11800000	27	11795000	1180	105	No	NA	RIGHT_ARM	JU3125
III	11800000	11810000	43	11805000	1181	105	No	NA	RIGHT_ARM	JU3125
III	11810000	11820000	28	11815000	1182	105	No	NA	RIGHT_ARM	JU3125
III	11820000	11830000	27	11825000	1183	105	No	NA	RIGHT_ARM	JU3125
III	11830000	11840000	57	11835000	1184	105	No	NA	RIGHT_ARM	JU3125
III	11840000	11850000	55	11845000	1185	105	No	NA	RIGHT_ARM	JU3125
III	11850000	11860000	69	11855000	1186	67	Yes	Up	RIGHT_ARM	JU3125
III	11860000	11870000	62	11865000	1187	105	No	NA	RIGHT_ARM	JU3125
III	11870000	11880000	27	11875000	1188	105	No	NA	RIGHT_ARM	JU3125
III	11880000	11890000	29	11885000	1189	105	No	NA	RIGHT_ARM	JU3125
III	11890000	11900000	58	11895000	1190	105	No	NA	RIGHT_ARM	JU3125
III	11900000	11910000	74	11905000	1191	58	Yes	Up	RIGHT_ARM	JU3125
III	11910000	11920000	51	11915000	1192	105	No	NA	RIGHT_ARM	JU3125
III	11920000	11930000	99	11925000	1193	34	Yes	Up	RIGHT_ARM	JU3125
III	11930000	11940000	52	11935000	1194	105	No	NA	RIGHT_ARM	JU3125
III	11940000	11950000	59	11945000	1195	105	No	NA	RIGHT_ARM	JU3125
III	11950000	11960000	46	11955000	1196	105	No	NA	RIGHT_ARM	JU3125
III	11960000	11970000	76	11965000	1197	57	Yes	Up	RIGHT_ARM	JU3125
III	11970000	11980000	62	11975000	1198	105	No	NA	RIGHT_ARM	JU3125
III	11980000	11990000	75	11985000	1199	60	Yes	Up	RIGHT_ARM	JU3125
III	11990000	12000000	61	11995000	1200	105	No	NA	RIGHT_ARM	JU3125
III	12000000	12010000	37	12005000	1201	105	No	NA	RIGHT_ARM	JU3125
III	12010000	12020000	70	12015000	1202	105	No	NA	RIGHT_ARM	JU3125
III	12020000	12030000	56	12025000	1203	105	No	NA	RIGHT_ARM	JU3125
III	12030000	12040000	93	12035000	1204	42	Yes	Up	RIGHT_ARM	JU3125
III	12040000	12050000	65	12045000	1205	105	No	NA	RIGHT_ARM	JU3125
III	12050000	12060000	63	12055000	1206	105	No	NA	RIGHT_ARM	JU3125
III	12060000	12070000	58	12065000	1207	105	No	NA	RIGHT_ARM	JU3125
III	12070000	12080000	33	12075000	1208	105	No	NA	RIGHT_ARM	JU3125
III	12080000	12090000	72	12085000	1209	66	Yes	Up	RIGHT_ARM	JU3125
III	12090000	12100000	31	12095000	1210	105	No	NA	RIGHT_ARM	JU3125
III	12100000	12110000	37	12105000	1211	105	No	NA	RIGHT_ARM	JU3125
III	12110000	12120000	29	12115000	1212	105	No	NA	RIGHT_ARM	JU3125
III	12120000	12130000	31	12125000	1213	105	No	NA	RIGHT_ARM	JU3125
III	12130000	12140000	52	12135000	1214	105	No	NA	RIGHT_ARM	JU3125
III	12140000	12150000	48	12145000	1215	105	No	NA	RIGHT_ARM	JU3125
III	12150000	12160000	49	12155000	1216	105	No	NA	RIGHT_ARM	JU3125
III	12160000	12170000	59	12165000	1217	105	No	NA	RIGHT_ARM	JU3125
III	12170000	12180000	42	12175000	1218	105	No	NA	RIGHT_ARM	JU3125
III	12180000	12190000	24	12185000	1219	105	No	NA	RIGHT_ARM	JU3125
III	12190000	12200000	31	12195000	1220	105	No	NA	RIGHT_ARM	JU3125
III	12200000	12210000	39	12205000	1221	105	No	NA	RIGHT_ARM	JU3125
III	12210000	12220000	61	12215000	1222	105	No	NA	RIGHT_ARM	JU3125
III	12220000	12230000	20	12225000	1223	105	No	NA	RIGHT_ARM	JU3125
III	12230000	12240000	9	12235000	1224	105	No	NA	RIGHT_ARM	JU3125
III	12240000	12250000	20	12245000	1225	105	No	NA	RIGHT_ARM	JU3125
III	12250000	12260000	92	12255000	1226	38	Yes	Up	RIGHT_ARM	JU3125
III	12260000	12270000	59	12265000	1227	105	No	NA	RIGHT_ARM	JU3125
III	12270000	12280000	50	12275000	1228	105	No	NA	RIGHT_ARM	JU3125
III	12280000	12290000	45	12285000	1229	105	No	NA	RIGHT_ARM	JU3125
III	12290000	12300000	32	12295000	1230	105	No	NA	RIGHT_ARM	JU3125
III	12300000	12310000	47	12305000	1231	105	No	NA	RIGHT_ARM	JU3125
III	12310000	12320000	14	12315000	1232	105	No	NA	RIGHT_ARM	JU3125
III	12320000	12330000	62	12325000	1233	105	No	NA	RIGHT_ARM	JU3125
III	12330000	12340000	137	12335000	1234	19	Yes	Up	RIGHT_ARM	JU3125
III	12340000	12350000	50	12345000	1235	105	No	NA	RIGHT_ARM	JU3125
III	12350000	12360000	234	12355000	1236	11	Yes	Up	RIGHT_ARM	JU3125
III	12360000	12370000	456	12365000	1237	4	Yes	Up	RIGHT_ARM	JU3125
III	12370000	12380000	106	12375000	1238	28	Yes	Up	RIGHT_ARM	JU3125
III	12380000	12390000	119	12385000	1239	21	Yes	Up	RIGHT_ARM	JU3125
III	12390000	12400000	73	12395000	1240	51	Yes	Up	RIGHT_ARM	JU3125
III	12400000	12410000	117	12405000	1241	22	Yes	Up	RIGHT_ARM	JU3125
III	12410000	12420000	0	12415000	1242	105	No	NA	RIGHT_ARM	JU3125
III	12420000	12430000	2	12425000	1243	105	No	NA	RIGHT_ARM	JU3125
III	12430000	12440000	0	12435000	1244	105	No	NA	RIGHT_ARM	JU3125
III	12440000	12450000	0	12445000	1245	105	No	NA	RIGHT_ARM	JU3125
III	12450000	12460000	0	12455000	1246	105	No	NA	RIGHT_ARM	JU3125
III	12460000	12470000	0	12465000	1247	105	No	NA	RIGHT_ARM	JU3125
III	12470000	12480000	1	12475000	1248	105	No	NA	RIGHT_ARM	JU3125
III	12480000	12490000	1	12485000	1249	105	No	NA	RIGHT_ARM	JU3125
III	12490000	12500000	0	12495000	1250	105	No	NA	RIGHT_ARM	JU3125
III	12500000	12510000	2	12505000	1251	105	No	NA	RIGHT_ARM	JU3125
III	12510000	12520000	1	12515000	1252	105	No	NA	RIGHT_ARM	JU3125
III	12520000	12530000	0	12525000	1253	105	No	NA	RIGHT_ARM	JU3125
III	12530000	12540000	1	12535000	1254	105	No	NA	RIGHT_ARM	JU3125
III	12540000	12550000	3	12545000	1255	105	No	NA	RIGHT_ARM	JU3125
III	12550000	12560000	0	12555000	1256	105	No	NA	RIGHT_ARM	JU3125
III	12560000	12570000	3	12565000	1257	105	No	NA	RIGHT_ARM	JU3125
III	12570000	12580000	2	12575000	1258	105	No	NA	RIGHT_ARM	JU3125
III	12580000	12590000	4	12585000	1259	105	No	NA	RIGHT_ARM	JU3125
III	12590000	12600000	2	12595000	1260	105	No	NA	RIGHT_ARM	JU3125
III	12600000	12610000	5	12605000	1261	105	No	NA	RIGHT_ARM	JU3125
III	12610000	12620000	2	12615000	1262	105	No	NA	RIGHT_ARM	JU3125
III	12620000	12630000	2	12625000	1263	105	No	NA	RIGHT_ARM	JU3125
III	12630000	12640000	2	12635000	1264	105	No	NA	RIGHT_ARM	JU3125
III	12640000	12650000	0	12645000	1265	105	No	NA	RIGHT_ARM	JU3125
III	12650000	12660000	0	12655000	1266	105	No	NA	RIGHT_ARM	JU3125
III	12660000	12670000	1	12665000	1267	105	No	NA	RIGHT_ARM	JU3125
III	12670000	12680000	1	12675000	1268	105	No	NA	RIGHT_ARM	JU3125
III	12680000	12690000	0	12685000	1269	105	No	NA	RIGHT_ARM	JU3125
III	12690000	12700000	0	12695000	1270	105	No	NA	RIGHT_ARM	JU3125
III	12700000	12710000	4	12705000	1271	105	No	NA	RIGHT_ARM	JU3125
III	12710000	12720000	0	12715000	1272	105	No	NA	RIGHT_ARM	JU3125
III	12720000	12730000	5	12725000	1273	105	No	NA	RIGHT_ARM	JU3125
III	12730000	12740000	1	12735000	1274	105	No	NA	RIGHT_ARM	JU3125
III	12740000	12750000	0	12745000	1275	105	No	NA	RIGHT_ARM	JU3125
III	12750000	12760000	2	12755000	1276	105	No	NA	RIGHT_ARM	JU3125
III	12760000	12770000	0	12765000	1277	105	No	NA	RIGHT_ARM	JU3125
III	12770000	12780000	0	12775000	1278	105	No	NA	RIGHT_ARM	JU3125
III	12780000	12790000	7	12785000	1279	105	No	NA	RIGHT_ARM	JU3125
III	12790000	12800000	0	12795000	1280	105	No	NA	RIGHT_ARM	JU3125
III	12800000	12810000	0	12805000	1281	105	No	NA	RIGHT_ARM	JU3125
III	12810000	12820000	1	12815000	1282	105	No	NA	RIGHT_ARM	JU3125
III	12820000	12830000	0	12825000	1283	105	No	NA	RIGHT_ARM	JU3125
III	12830000	12840000	1	12835000	1284	105	No	NA	RIGHT_ARM	JU3125
III	12840000	12850000	0	12845000	1285	105	No	NA	RIGHT_ARM	JU3125
III	12850000	12860000	1	12855000	1286	105	No	NA	RIGHT_ARM	JU3125
III	12860000	12870000	1	12865000	1287	105	No	NA	RIGHT_ARM	JU3125
III	12870000	12880000	0	12875000	1288	105	No	NA	RIGHT_ARM	JU3125
III	12880000	12890000	0	12885000	1289	105	No	NA	RIGHT_ARM	JU3125
III	12890000	12900000	0	12895000	1290	105	No	NA	RIGHT_ARM	JU3125
III	12900000	12910000	2	12905000	1291	105	No	NA	RIGHT_ARM	JU3125
III	12910000	12920000	1	12915000	1292	105	No	NA	RIGHT_ARM	JU3125
III	12920000	12930000	2	12925000	1293	105	No	NA	RIGHT_ARM	JU3125
III	12930000	12940000	0	12935000	1294	105	No	NA	RIGHT_ARM	JU3125
III	12940000	12950000	0	12945000	1295	105	No	NA	RIGHT_ARM	JU3125
III	12950000	12960000	2	12955000	1296	105	No	NA	RIGHT_ARM	JU3125
III	12960000	12970000	1	12965000	1297	105	No	NA	RIGHT_ARM	JU3125
III	12970000	12980000	0	12975000	1298	105	No	NA	RIGHT_ARM	JU3125
III	12980000	12990000	1	12985000	1299	105	No	NA	RIGHT_ARM	JU3125
III	12990000	13000000	1	12995000	1300	105	No	NA	RIGHT_ARM	JU3125
III	13000000	13010000	0	13005000	1301	105	No	NA	RIGHT_ARM	JU3125
III	13010000	13020000	0	13015000	1302	105	No	NA	RIGHT_ARM	JU3125
III	13020000	13030000	0	13025000	1303	105	No	NA	RIGHT_ARM	JU3125
III	13030000	13040000	7	13035000	1304	105	No	NA	RIGHT_ARM	JU3125
III	13040000	13050000	0	13045000	1305	105	No	NA	RIGHT_ARM	JU3125
III	13050000	13060000	2	13055000	1306	105	No	NA	RIGHT_ARM	JU3125
III	13060000	13070000	1	13065000	1307	105	No	NA	RIGHT_ARM	JU3125
III	13070000	13080000	2	13075000	1308	105	No	NA	RIGHT_ARM	JU3125
III	13080000	13090000	0	13085000	1309	105	No	NA	RIGHT_ARM	JU3125
III	13090000	13100000	0	13095000	1310	105	No	NA	RIGHT_ARM	JU3125
III	13100000	13110000	0	13105000	1311	105	No	NA	RIGHT_ARM	JU3125
III	13110000	13120000	1	13115000	1312	105	No	NA	RIGHT_ARM	JU3125
III	13120000	13130000	1	13125000	1313	105	No	NA	RIGHT_ARM	JU3125
III	13130000	13140000	0	13135000	1314	105	No	NA	RIGHT_ARM	JU3125
III	13140000	13150000	0	13145000	1315	105	No	NA	RIGHT_ARM	JU3125
III	13150000	13160000	2	13155000	1316	105	No	NA	RIGHT_ARM	JU3125
III	13160000	13170000	1	13165000	1317	105	No	NA	RIGHT_ARM	JU3125
III	13170000	13180000	0	13175000	1318	105	No	NA	RIGHT_ARM	JU3125
III	13180000	13190000	3	13185000	1319	105	No	NA	RIGHT_ARM	JU3125
III	13190000	13200000	1	13195000	1320	105	No	NA	RIGHT_ARM	JU3125
III	13200000	13210000	1	13205000	1321	105	No	NA	RIGHT_ARM	JU3125
III	13210000	13220000	0	13215000	1322	105	No	NA	RIGHT_ARM	JU3125
III	13220000	13230000	0	13225000	1323	105	No	NA	Telomeric	JU3125
III	13230000	13240000	0	13235000	1324	105	No	NA	Telomeric	JU3125
III	13240000	13250000	0	13245000	1325	105	No	NA	Telomeric	JU3125
III	13250000	13260000	0	13255000	1326	105	No	NA	Telomeric	JU3125
III	13260000	13270000	3	13265000	1327	105	No	NA	Telomeric	JU3125
III	13270000	13280000	0	13275000	1328	105	No	NA	Telomeric	JU3125
III	13280000	13290000	0	13285000	1329	105	No	NA	Telomeric	JU3125
III	13290000	13300000	0	13295000	1330	105	No	NA	Telomeric	JU3125
III	13300000	13310000	0	13305000	1331	105	No	NA	Telomeric	JU3125
III	13310000	13320000	2	13315000	1332	105	No	NA	Telomeric	JU3125
III	13320000	13330000	0	13325000	1333	105	No	NA	Telomeric	JU3125
III	13330000	13340000	0	13335000	1334	105	No	NA	Telomeric	JU3125
III	13340000	13350000	0	13345000	1335	105	No	NA	Telomeric	JU3125
III	13350000	13360000	1	13355000	1336	105	No	NA	Telomeric	JU3125
III	13360000	13370000	1	13365000	1337	105	No	NA	Telomeric	JU3125
III	13370000	13380000	0	13375000	1338	105	No	NA	Telomeric	JU3125
III	13380000	13390000	0	13385000	1339	105	No	NA	Telomeric	JU3125
III	13390000	13400000	0	13395000	1340	105	No	NA	Telomeric	JU3125
III	13400000	13410000	0	13405000	1341	105	No	NA	Telomeric	JU3125
III	13410000	13420000	2	13415000	1342	105	No	NA	Telomeric	JU3125
III	13420000	13430000	0	13425000	1343	105	No	NA	Telomeric	JU3125
III	13430000	13440000	0	13435000	1344	105	No	NA	Telomeric	JU3125
III	13440000	13450000	0	13445000	1345	105	No	NA	Telomeric	JU3125
III	13450000	13460000	1	13455000	1346	105	No	NA	Telomeric	JU3125
III	13460000	13470000	0	13465000	1347	105	No	NA	Telomeric	JU3125
III	13470000	13480000	0	13475000	1348	105	No	NA	Telomeric	JU3125
III	13480000	13490000	0	13485000	1349	105	No	NA	Telomeric	JU3125
III	13490000	13500000	0	13495000	1350	105	No	NA	Telomeric	JU3125
III	13500000	13510000	0	13505000	1351	105	No	NA	Telomeric	JU3125
III	13510000	13520000	2	13515000	1352	105	No	NA	Telomeric	JU3125
III	13520000	13530000	0	13525000	1353	105	No	NA	Telomeric	JU3125
III	13530000	13540000	3	13535000	1354	105	No	NA	Telomeric	JU3125
III	13540000	13550000	0	13545000	1355	105	No	NA	Telomeric	JU3125
III	13550000	13560000	0	13555000	1356	105	No	NA	Telomeric	JU3125
III	13560000	13570000	1	13565000	1357	105	No	NA	Telomeric	JU3125
III	13570000	13580000	0	13575000	1358	105	No	NA	Telomeric	JU3125
III	13580000	13590000	5	13585000	1359	105	No	NA	Telomeric	JU3125
III	13590000	13600000	3	13595000	1360	105	No	NA	Telomeric	JU3125
III	13600000	13610000	1	13605000	1361	105	No	NA	Telomeric	JU3125
III	13610000	13620000	1	13615000	1362	105	No	NA	Telomeric	JU3125
III	13620000	13630000	0	13625000	1363	105	No	NA	Telomeric	JU3125
III	13630000	13640000	1	13635000	1364	105	No	NA	Telomeric	JU3125
III	13640000	13650000	1	13645000	1365	105	No	NA	Telomeric	JU3125
III	13650000	13660000	0	13655000	1366	105	No	NA	Telomeric	JU3125
III	13660000	13670000	1	13665000	1367	105	No	NA	Telomeric	JU3125
III	13670000	13680000	0	13675000	1368	105	No	NA	Telomeric	JU3125
III	13680000	13690000	0	13685000	1369	105	No	NA	Telomeric	JU3125
III	13690000	13700000	1	13695000	1370	105	No	NA	Telomeric	JU3125
III	13700000	13710000	0	13705000	1371	105	No	NA	Telomeric	JU3125
III	13710000	13720000	2	13715000	1372	105	No	NA	Telomeric	JU3125
III	13720000	13730000	0	13725000	1373	105	No	NA	Telomeric	JU3125
III	13730000	13740000	1	13735000	1374	105	No	NA	Telomeric	JU3125
III	13740000	13750000	1	13745000	1375	105	No	NA	Telomeric	JU3125
III	13750000	13760000	1	13755000	1376	105	No	NA	Telomeric	JU3125
III	13760000	13770000	0	13765000	1377	105	No	NA	Telomeric	JU3125
III	13770000	13780000	1	13775000	1378	105	No	NA	Telomeric	JU3125
III	13780000	13783801	0	13781900.5	1379	105	No	NA	Telomeric	JU3125
IV	0	10000	0	5000	1	105	No	NA	Telomeric	JU3125
IV	10000	20000	18	15000	2	76	Yes	Up	Telomeric	JU3125
IV	20000	30000	0	25000	3	105	No	NA	Telomeric	JU3125
IV	30000	40000	0	35000	4	105	No	NA	Telomeric	JU3125
IV	40000	50000	0	45000	5	105	No	NA	Telomeric	JU3125
IV	50000	60000	1	55000	6	105	No	NA	Telomeric	JU3125
IV	60000	70000	1	65000	7	105	No	NA	Telomeric	JU3125
IV	70000	80000	0	75000	8	105	No	NA	Telomeric	JU3125
IV	80000	90000	0	85000	9	105	No	NA	Telomeric	JU3125
IV	90000	100000	0	95000	10	105	No	NA	Telomeric	JU3125
IV	100000	110000	0	105000	11	105	No	NA	Telomeric	JU3125
IV	110000	120000	0	115000	12	105	No	NA	Telomeric	JU3125
IV	120000	130000	1	125000	13	105	No	NA	Telomeric	JU3125
IV	130000	140000	0	135000	14	105	No	NA	Telomeric	JU3125
IV	140000	150000	0	145000	15	105	No	NA	Telomeric	JU3125
IV	150000	160000	3	155000	16	105	No	NA	Telomeric	JU3125
IV	160000	170000	13	165000	17	105	No	NA	Telomeric	JU3125
IV	170000	180000	3	175000	18	105	No	NA	Telomeric	JU3125
IV	180000	190000	0	185000	19	105	No	NA	Telomeric	JU3125
IV	190000	200000	1	195000	20	105	No	NA	Telomeric	JU3125
IV	200000	210000	0	205000	21	105	No	NA	Telomeric	JU3125
IV	210000	220000	0	215000	22	105	No	NA	Telomeric	JU3125
IV	220000	230000	1	225000	23	105	No	NA	Telomeric	JU3125
IV	230000	240000	0	235000	24	105	No	NA	Telomeric	JU3125
IV	240000	250000	0	245000	25	105	No	NA	Telomeric	JU3125
IV	250000	260000	0	255000	26	105	No	NA	Telomeric	JU3125
IV	260000	270000	0	265000	27	105	No	NA	Telomeric	JU3125
IV	270000	280000	0	275000	28	105	No	NA	Telomeric	JU3125
IV	280000	290000	0	285000	29	105	No	NA	Telomeric	JU3125
IV	290000	300000	0	295000	30	105	No	NA	Telomeric	JU3125
IV	300000	310000	2	305000	31	105	No	NA	Telomeric	JU3125
IV	310000	320000	0	315000	32	105	No	NA	Telomeric	JU3125
IV	320000	330000	0	325000	33	105	No	NA	Telomeric	JU3125
IV	330000	340000	0	335000	34	105	No	NA	Telomeric	JU3125
IV	340000	350000	1	345000	35	105	No	NA	Telomeric	JU3125
IV	350000	360000	0	355000	36	105	No	NA	Telomeric	JU3125
IV	360000	370000	0	365000	37	105	No	NA	Telomeric	JU3125
IV	370000	380000	1	375000	38	105	No	NA	Telomeric	JU3125
IV	380000	390000	0	385000	39	105	No	NA	Telomeric	JU3125
IV	390000	400000	0	395000	40	105	No	NA	Telomeric	JU3125
IV	400000	410000	1	405000	41	105	No	NA	Telomeric	JU3125
IV	410000	420000	0	415000	42	105	No	NA	Telomeric	JU3125
IV	420000	430000	1	425000	43	105	No	NA	Telomeric	JU3125
IV	430000	440000	0	435000	44	105	No	NA	Telomeric	JU3125
IV	440000	450000	0	445000	45	105	No	NA	Telomeric	JU3125
IV	450000	460000	0	455000	46	105	No	NA	Telomeric	JU3125
IV	460000	470000	0	465000	47	105	No	NA	Telomeric	JU3125
IV	470000	480000	1	475000	48	105	No	NA	Telomeric	JU3125
IV	480000	490000	1	485000	49	105	No	NA	Telomeric	JU3125
IV	490000	500000	0	495000	50	105	No	NA	Telomeric	JU3125
IV	500000	510000	0	505000	51	105	No	NA	Telomeric	JU3125
IV	510000	520000	0	515000	52	105	No	NA	Telomeric	JU3125
IV	520000	530000	0	525000	53	105	No	NA	Telomeric	JU3125
IV	530000	540000	0	535000	54	105	No	NA	Telomeric	JU3125
IV	540000	550000	0	545000	55	105	No	NA	Telomeric	JU3125
IV	550000	560000	3	555000	56	105	No	NA	Telomeric	JU3125
IV	560000	570000	0	565000	57	105	No	NA	Telomeric	JU3125
IV	570000	580000	2	575000	58	105	No	NA	Telomeric	JU3125
IV	580000	590000	2	585000	59	105	No	NA	Telomeric	JU3125
IV	590000	600000	0	595000	60	105	No	NA	Telomeric	JU3125
IV	600000	610000	2	605000	61	105	No	NA	Telomeric	JU3125
IV	610000	620000	1	615000	62	105	No	NA	Telomeric	JU3125
IV	620000	630000	0	625000	63	105	No	NA	Telomeric	JU3125
IV	630000	640000	0	635000	64	105	No	NA	Telomeric	JU3125
IV	640000	650000	1	645000	65	105	No	NA	Telomeric	JU3125
IV	650000	660000	2	655000	66	105	No	NA	Telomeric	JU3125
IV	660000	670000	0	665000	67	105	No	NA	Telomeric	JU3125
IV	670000	680000	0	675000	68	105	No	NA	Telomeric	JU3125
IV	680000	690000	0	685000	69	105	No	NA	Telomeric	JU3125
IV	690000	700000	1	695000	70	105	No	NA	Telomeric	JU3125
IV	700000	710000	0	705000	71	105	No	NA	Telomeric	JU3125
IV	710000	720000	0	715000	72	105	No	NA	Telomeric	JU3125
IV	720000	730000	0	725000	73	105	No	NA	LEFT_ARM	JU3125
IV	730000	740000	2	735000	74	105	No	NA	LEFT_ARM	JU3125
IV	740000	750000	0	745000	75	105	No	NA	LEFT_ARM	JU3125
IV	750000	760000	0	755000	76	105	No	NA	LEFT_ARM	JU3125
IV	760000	770000	0	765000	77	105	No	NA	LEFT_ARM	JU3125
IV	770000	780000	1	775000	78	105	No	NA	LEFT_ARM	JU3125
IV	780000	790000	0	785000	79	105	No	NA	LEFT_ARM	JU3125
IV	790000	800000	0	795000	80	105	No	NA	LEFT_ARM	JU3125
IV	800000	810000	0	805000	81	105	No	NA	LEFT_ARM	JU3125
IV	810000	820000	1	815000	82	105	No	NA	LEFT_ARM	JU3125
IV	820000	830000	0	825000	83	105	No	NA	LEFT_ARM	JU3125
IV	830000	840000	0	835000	84	105	No	NA	LEFT_ARM	JU3125
IV	840000	850000	0	845000	85	105	No	NA	LEFT_ARM	JU3125
IV	850000	860000	1	855000	86	105	No	NA	LEFT_ARM	JU3125
IV	860000	870000	1	865000	87	105	No	NA	LEFT_ARM	JU3125
IV	870000	880000	0	875000	88	105	No	NA	LEFT_ARM	JU3125
IV	880000	890000	0	885000	89	105	No	NA	LEFT_ARM	JU3125
IV	890000	900000	0	895000	90	105	No	NA	LEFT_ARM	JU3125
IV	900000	910000	0	905000	91	105	No	NA	LEFT_ARM	JU3125
IV	910000	920000	0	915000	92	105	No	NA	LEFT_ARM	JU3125
IV	920000	930000	0	925000	93	105	No	NA	LEFT_ARM	JU3125
IV	930000	940000	1	935000	94	105	No	NA	LEFT_ARM	JU3125
IV	940000	950000	0	945000	95	105	No	NA	LEFT_ARM	JU3125
IV	950000	960000	1	955000	96	105	No	NA	LEFT_ARM	JU3125
IV	960000	970000	0	965000	97	105	No	NA	LEFT_ARM	JU3125
IV	970000	980000	0	975000	98	105	No	NA	LEFT_ARM	JU3125
IV	980000	990000	0	985000	99	105	No	NA	LEFT_ARM	JU3125
IV	990000	1000000	0	995000	100	105	No	NA	LEFT_ARM	JU3125
IV	1000000	1010000	0	1005000	101	105	No	NA	LEFT_ARM	JU3125
IV	1010000	1020000	0	1015000	102	105	No	NA	LEFT_ARM	JU3125
IV	1020000	1030000	1	1025000	103	105	No	NA	LEFT_ARM	JU3125
IV	1030000	1040000	1	1035000	104	105	No	NA	LEFT_ARM	JU3125
IV	1040000	1050000	0	1045000	105	105	No	NA	LEFT_ARM	JU3125
IV	1050000	1060000	1	1055000	106	105	No	NA	LEFT_ARM	JU3125
IV	1060000	1070000	1	1065000	107	105	No	NA	LEFT_ARM	JU3125
IV	1070000	1080000	0	1075000	108	105	No	NA	LEFT_ARM	JU3125
IV	1080000	1090000	0	1085000	109	105	No	NA	LEFT_ARM	JU3125
IV	1090000	1100000	0	1095000	110	105	No	NA	LEFT_ARM	JU3125
IV	1100000	1110000	0	1105000	111	105	No	NA	LEFT_ARM	JU3125
IV	1110000	1120000	0	1115000	112	105	No	NA	LEFT_ARM	JU3125
IV	1120000	1130000	0	1125000	113	105	No	NA	LEFT_ARM	JU3125
IV	1130000	1140000	0	1135000	114	105	No	NA	LEFT_ARM	JU3125
IV	1140000	1150000	1	1145000	115	105	No	NA	LEFT_ARM	JU3125
IV	1150000	1160000	0	1155000	116	105	No	NA	LEFT_ARM	JU3125
IV	1160000	1170000	1	1165000	117	105	No	NA	LEFT_ARM	JU3125
IV	1170000	1180000	1	1175000	118	105	No	NA	LEFT_ARM	JU3125
IV	1180000	1190000	0	1185000	119	105	No	NA	LEFT_ARM	JU3125
IV	1190000	1200000	1	1195000	120	105	No	NA	LEFT_ARM	JU3125
IV	1200000	1210000	2	1205000	121	105	No	NA	LEFT_ARM	JU3125
IV	1210000	1220000	0	1215000	122	105	No	NA	LEFT_ARM	JU3125
IV	1220000	1230000	0	1225000	123	105	No	NA	LEFT_ARM	JU3125
IV	1230000	1240000	0	1235000	124	105	No	NA	LEFT_ARM	JU3125
IV	1240000	1250000	0	1245000	125	105	No	NA	LEFT_ARM	JU3125
IV	1250000	1260000	0	1255000	126	105	No	NA	LEFT_ARM	JU3125
IV	1260000	1270000	0	1265000	127	105	No	NA	LEFT_ARM	JU3125
IV	1270000	1280000	1	1275000	128	105	No	NA	LEFT_ARM	JU3125
IV	1280000	1290000	0	1285000	129	105	No	NA	LEFT_ARM	JU3125
IV	1290000	1300000	2	1295000	130	105	No	NA	LEFT_ARM	JU3125
IV	1300000	1310000	0	1305000	131	105	No	NA	LEFT_ARM	JU3125
IV	1310000	1320000	1	1315000	132	105	No	NA	LEFT_ARM	JU3125
IV	1320000	1330000	0	1325000	133	105	No	NA	LEFT_ARM	JU3125
IV	1330000	1340000	2	1335000	134	105	No	NA	LEFT_ARM	JU3125
IV	1340000	1350000	0	1345000	135	105	No	NA	LEFT_ARM	JU3125
IV	1350000	1360000	0	1355000	136	105	No	NA	LEFT_ARM	JU3125
IV	1360000	1370000	1	1365000	137	105	No	NA	LEFT_ARM	JU3125
IV	1370000	1380000	0	1375000	138	105	No	NA	LEFT_ARM	JU3125
IV	1380000	1390000	0	1385000	139	105	No	NA	LEFT_ARM	JU3125
IV	1390000	1400000	0	1395000	140	105	No	NA	LEFT_ARM	JU3125
IV	1400000	1410000	0	1405000	141	105	No	NA	LEFT_ARM	JU3125
IV	1410000	1420000	0	1415000	142	105	No	NA	LEFT_ARM	JU3125
IV	1420000	1430000	0	1425000	143	105	No	NA	LEFT_ARM	JU3125
IV	1430000	1440000	0	1435000	144	105	No	NA	LEFT_ARM	JU3125
IV	1440000	1450000	0	1445000	145	105	No	NA	LEFT_ARM	JU3125
IV	1450000	1460000	0	1455000	146	105	No	NA	LEFT_ARM	JU3125
IV	1460000	1470000	0	1465000	147	105	No	NA	LEFT_ARM	JU3125
IV	1470000	1480000	7	1475000	148	105	No	NA	LEFT_ARM	JU3125
IV	1480000	1490000	1	1485000	149	105	No	NA	LEFT_ARM	JU3125
IV	1490000	1500000	0	1495000	150	105	No	NA	LEFT_ARM	JU3125
IV	1500000	1510000	1	1505000	151	105	No	NA	LEFT_ARM	JU3125
IV	1510000	1520000	0	1515000	152	105	No	NA	LEFT_ARM	JU3125
IV	1520000	1530000	3	1525000	153	105	No	NA	LEFT_ARM	JU3125
IV	1530000	1540000	0	1535000	154	105	No	NA	LEFT_ARM	JU3125
IV	1540000	1550000	0	1545000	155	105	No	NA	LEFT_ARM	JU3125
IV	1550000	1560000	0	1555000	156	105	No	NA	LEFT_ARM	JU3125
IV	1560000	1570000	0	1565000	157	105	No	NA	LEFT_ARM	JU3125
IV	1570000	1580000	0	1575000	158	105	No	NA	LEFT_ARM	JU3125
IV	1580000	1590000	1	1585000	159	105	No	NA	LEFT_ARM	JU3125
IV	1590000	1600000	0	1595000	160	105	No	NA	LEFT_ARM	JU3125
IV	1600000	1610000	1	1605000	161	105	No	NA	LEFT_ARM	JU3125
IV	1610000	1620000	0	1615000	162	105	No	NA	LEFT_ARM	JU3125
IV	1620000	1630000	2	1625000	163	105	No	NA	LEFT_ARM	JU3125
IV	1630000	1640000	1	1635000	164	105	No	NA	LEFT_ARM	JU3125
IV	1640000	1650000	0	1645000	165	105	No	NA	LEFT_ARM	JU3125
IV	1650000	1660000	1	1655000	166	105	No	NA	LEFT_ARM	JU3125
IV	1660000	1670000	0	1665000	167	105	No	NA	LEFT_ARM	JU3125
IV	1670000	1680000	2	1675000	168	105	No	NA	LEFT_ARM	JU3125
IV	1680000	1690000	1	1685000	169	105	No	NA	LEFT_ARM	JU3125
IV	1690000	1700000	0	1695000	170	105	No	NA	LEFT_ARM	JU3125
IV	1700000	1710000	1	1705000	171	105	No	NA	LEFT_ARM	JU3125
IV	1710000	1720000	0	1715000	172	105	No	NA	LEFT_ARM	JU3125
IV	1720000	1730000	2	1725000	173	105	No	NA	LEFT_ARM	JU3125
IV	1730000	1740000	0	1735000	174	105	No	NA	LEFT_ARM	JU3125
IV	1740000	1750000	1	1745000	175	105	No	NA	LEFT_ARM	JU3125
IV	1750000	1760000	1	1755000	176	105	No	NA	LEFT_ARM	JU3125
IV	1760000	1770000	1	1765000	177	105	No	NA	LEFT_ARM	JU3125
IV	1770000	1780000	0	1775000	178	105	No	NA	LEFT_ARM	JU3125
IV	1780000	1790000	1	1785000	179	105	No	NA	LEFT_ARM	JU3125
IV	1790000	1800000	1	1795000	180	105	No	NA	LEFT_ARM	JU3125
IV	1800000	1810000	0	1805000	181	105	No	NA	LEFT_ARM	JU3125
IV	1810000	1820000	1	1815000	182	105	No	NA	LEFT_ARM	JU3125
IV	1820000	1830000	2	1825000	183	105	No	NA	LEFT_ARM	JU3125
IV	1830000	1840000	17	1835000	184	85	Yes	Up	LEFT_ARM	JU3125
IV	1840000	1850000	2	1845000	185	105	No	NA	LEFT_ARM	JU3125
IV	1850000	1860000	0	1855000	186	105	No	NA	LEFT_ARM	JU3125
IV	1860000	1870000	2	1865000	187	105	No	NA	LEFT_ARM	JU3125
IV	1870000	1880000	0	1875000	188	105	No	NA	LEFT_ARM	JU3125
IV	1880000	1890000	0	1885000	189	105	No	NA	LEFT_ARM	JU3125
IV	1890000	1900000	1	1895000	190	105	No	NA	LEFT_ARM	JU3125
IV	1900000	1910000	1	1905000	191	105	No	NA	LEFT_ARM	JU3125
IV	1910000	1920000	6	1915000	192	105	No	NA	LEFT_ARM	JU3125
IV	1920000	1930000	1	1925000	193	105	No	NA	LEFT_ARM	JU3125
IV	1930000	1940000	0	1935000	194	105	No	NA	LEFT_ARM	JU3125
IV	1940000	1950000	0	1945000	195	105	No	NA	LEFT_ARM	JU3125
IV	1950000	1960000	0	1955000	196	105	No	NA	LEFT_ARM	JU3125
IV	1960000	1970000	0	1965000	197	105	No	NA	LEFT_ARM	JU3125
IV	1970000	1980000	2	1975000	198	105	No	NA	LEFT_ARM	JU3125
IV	1980000	1990000	1	1985000	199	105	No	NA	LEFT_ARM	JU3125
IV	1990000	2000000	2	1995000	200	105	No	NA	LEFT_ARM	JU3125
IV	2000000	2010000	2	2005000	201	105	No	NA	LEFT_ARM	JU3125
IV	2010000	2020000	3	2015000	202	105	No	NA	LEFT_ARM	JU3125
IV	2020000	2030000	2	2025000	203	105	No	NA	LEFT_ARM	JU3125
IV	2030000	2040000	1	2035000	204	105	No	NA	LEFT_ARM	JU3125
IV	2040000	2050000	1	2045000	205	105	No	NA	LEFT_ARM	JU3125
IV	2050000	2060000	0	2055000	206	105	No	NA	LEFT_ARM	JU3125
IV	2060000	2070000	0	2065000	207	105	No	NA	LEFT_ARM	JU3125
IV	2070000	2080000	0	2075000	208	105	No	NA	LEFT_ARM	JU3125
IV	2080000	2090000	0	2085000	209	105	No	NA	LEFT_ARM	JU3125
IV	2090000	2100000	0	2095000	210	105	No	NA	LEFT_ARM	JU3125
IV	2100000	2110000	0	2105000	211	105	No	NA	LEFT_ARM	JU3125
IV	2110000	2120000	0	2115000	212	105	No	NA	LEFT_ARM	JU3125
IV	2120000	2130000	0	2125000	213	105	No	NA	LEFT_ARM	JU3125
IV	2130000	2140000	2	2135000	214	105	No	NA	LEFT_ARM	JU3125
IV	2140000	2150000	1	2145000	215	105	No	NA	LEFT_ARM	JU3125
IV	2150000	2160000	3	2155000	216	105	No	NA	LEFT_ARM	JU3125
IV	2160000	2170000	0	2165000	217	105	No	NA	LEFT_ARM	JU3125
IV	2170000	2180000	0	2175000	218	105	No	NA	LEFT_ARM	JU3125
IV	2180000	2190000	0	2185000	219	105	No	NA	LEFT_ARM	JU3125
IV	2190000	2200000	3	2195000	220	105	No	NA	LEFT_ARM	JU3125
IV	2200000	2210000	1	2205000	221	105	No	NA	LEFT_ARM	JU3125
IV	2210000	2220000	3	2215000	222	105	No	NA	LEFT_ARM	JU3125
IV	2220000	2230000	3	2225000	223	105	No	NA	LEFT_ARM	JU3125
IV	2230000	2240000	0	2235000	224	105	No	NA	LEFT_ARM	JU3125
IV	2240000	2250000	0	2245000	225	105	No	NA	LEFT_ARM	JU3125
IV	2250000	2260000	0	2255000	226	105	No	NA	LEFT_ARM	JU3125
IV	2260000	2270000	1	2265000	227	105	No	NA	LEFT_ARM	JU3125
IV	2270000	2280000	1	2275000	228	105	No	NA	LEFT_ARM	JU3125
IV	2280000	2290000	2	2285000	229	105	No	NA	LEFT_ARM	JU3125
IV	2290000	2300000	0	2295000	230	105	No	NA	LEFT_ARM	JU3125
IV	2300000	2310000	0	2305000	231	105	No	NA	LEFT_ARM	JU3125
IV	2310000	2320000	0	2315000	232	105	No	NA	LEFT_ARM	JU3125
IV	2320000	2330000	0	2325000	233	105	No	NA	LEFT_ARM	JU3125
IV	2330000	2340000	6	2335000	234	105	No	NA	LEFT_ARM	JU3125
IV	2340000	2350000	1	2345000	235	105	No	NA	LEFT_ARM	JU3125
IV	2350000	2360000	3	2355000	236	105	No	NA	LEFT_ARM	JU3125
IV	2360000	2370000	6	2365000	237	105	No	NA	LEFT_ARM	JU3125
IV	2370000	2380000	3	2375000	238	105	No	NA	LEFT_ARM	JU3125
IV	2380000	2390000	2	2385000	239	105	No	NA	LEFT_ARM	JU3125
IV	2390000	2400000	0	2395000	240	105	No	NA	LEFT_ARM	JU3125
IV	2400000	2410000	1	2405000	241	105	No	NA	LEFT_ARM	JU3125
IV	2410000	2420000	0	2415000	242	105	No	NA	LEFT_ARM	JU3125
IV	2420000	2430000	0	2425000	243	66	Yes	Down	LEFT_ARM	JU3125
IV	2430000	2440000	0	2435000	244	46	Yes	Down	LEFT_ARM	JU3125
IV	2440000	2450000	1	2445000	245	39	Yes	Down	LEFT_ARM	JU3125
IV	2450000	2460000	3	2455000	246	35	Yes	Down	LEFT_ARM	JU3125
IV	2460000	2470000	0	2465000	247	26	Yes	Down	LEFT_ARM	JU3125
IV	2470000	2480000	0	2475000	248	23	Yes	Down	LEFT_ARM	JU3125
IV	2480000	2490000	0	2485000	249	19	Yes	Down	LEFT_ARM	JU3125
IV	2490000	2500000	0	2495000	250	16	Yes	Down	LEFT_ARM	JU3125
IV	2500000	2510000	95	2505000	251	105	No	NA	LEFT_ARM	JU3125
IV	2510000	2520000	96	2515000	252	105	No	NA	LEFT_ARM	JU3125
IV	2520000	2530000	97	2525000	253	105	No	NA	LEFT_ARM	JU3125
IV	2530000	2540000	64	2535000	254	36	Yes	Down	LEFT_ARM	JU3125
IV	2540000	2550000	74	2545000	255	42	Yes	Down	LEFT_ARM	JU3125
IV	2550000	2560000	64	2555000	256	31	Yes	Down	LEFT_ARM	JU3125
IV	2560000	2570000	4	2565000	257	10	Yes	Down	LEFT_ARM	JU3125
IV	2570000	2580000	64	2575000	258	27	Yes	Down	LEFT_ARM	JU3125
IV	2580000	2590000	0	2585000	259	8	Yes	Down	LEFT_ARM	JU3125
IV	2590000	2600000	355	2595000	260	1	Yes	Up	LEFT_ARM	JU3125
IV	2600000	2610000	130	2605000	261	105	No	NA	LEFT_ARM	JU3125
IV	2610000	2620000	44	2615000	262	15	Yes	Down	LEFT_ARM	JU3125
IV	2620000	2630000	41	2625000	263	12	Yes	Down	LEFT_ARM	JU3125
IV	2630000	2640000	75	2635000	264	20	Yes	Down	LEFT_ARM	JU3125
IV	2640000	2650000	57	2645000	265	14	Yes	Down	LEFT_ARM	JU3125
IV	2650000	2660000	24	2655000	266	4	Yes	Down	LEFT_ARM	JU3125
IV	2660000	2670000	22	2665000	267	2	Yes	Down	LEFT_ARM	JU3125
IV	2670000	2680000	49	2675000	268	5	Yes	Down	LEFT_ARM	JU3125
IV	2680000	2690000	59	2685000	269	7	Yes	Down	LEFT_ARM	JU3125
IV	2690000	2700000	121	2695000	270	22	Yes	Down	LEFT_ARM	JU3125
IV	2700000	2710000	198	2705000	271	105	No	NA	LEFT_ARM	JU3125
IV	2710000	2720000	292	2715000	272	11	Yes	Up	LEFT_ARM	JU3125
IV	2720000	2730000	78	2725000	273	17	Yes	Down	LEFT_ARM	JU3125
IV	2730000	2740000	16	2735000	274	6	Yes	Down	LEFT_ARM	JU3125
IV	2740000	2750000	25	2745000	275	13	Yes	Down	LEFT_ARM	JU3125
IV	2750000	2760000	48	2755000	276	24	Yes	Down	LEFT_ARM	JU3125
IV	2760000	2770000	32	2765000	277	25	Yes	Down	LEFT_ARM	JU3125
IV	2770000	2780000	21	2775000	278	30	Yes	Down	LEFT_ARM	JU3125
IV	2780000	2790000	28	2785000	279	52	Yes	Down	LEFT_ARM	JU3125
IV	2790000	2800000	36	2795000	280	105	No	NA	LEFT_ARM	JU3125
IV	2800000	2810000	19	2805000	281	105	No	NA	LEFT_ARM	JU3125
IV	2810000	2820000	23	2815000	282	105	No	NA	LEFT_ARM	JU3125
IV	2820000	2830000	5	2825000	283	105	No	NA	LEFT_ARM	JU3125
IV	2830000	2840000	4	2835000	284	82	Yes	Down	LEFT_ARM	JU3125
IV	2840000	2850000	7	2845000	285	105	No	NA	LEFT_ARM	JU3125
IV	2850000	2860000	162	2855000	286	3	Yes	Up	LEFT_ARM	JU3125
IV	2860000	2870000	136	2865000	287	9	Yes	Up	LEFT_ARM	JU3125
IV	2870000	2880000	56	2875000	288	43	Yes	Up	LEFT_ARM	JU3125
IV	2880000	2890000	20	2885000	289	105	No	NA	LEFT_ARM	JU3125
IV	2890000	2900000	33	2895000	290	105	No	NA	LEFT_ARM	JU3125
IV	2900000	2910000	22	2905000	291	105	No	NA	LEFT_ARM	JU3125
IV	2910000	2920000	25	2915000	292	105	No	NA	LEFT_ARM	JU3125
IV	2920000	2930000	29	2925000	293	105	No	NA	LEFT_ARM	JU3125
IV	2930000	2940000	26	2935000	294	105	No	NA	LEFT_ARM	JU3125
IV	2940000	2950000	22	2945000	295	105	No	NA	LEFT_ARM	JU3125
IV	2950000	2960000	13	2955000	296	53	Yes	Down	LEFT_ARM	JU3125
IV	2960000	2970000	18	2965000	297	60	Yes	Down	LEFT_ARM	JU3125
IV	2970000	2980000	20	2975000	298	56	Yes	Down	LEFT_ARM	JU3125
IV	2980000	2990000	15	2985000	299	45	Yes	Down	LEFT_ARM	JU3125
IV	2990000	3000000	28	2995000	300	64	Yes	Down	LEFT_ARM	JU3125
IV	3000000	3010000	53	3005000	301	105	No	NA	LEFT_ARM	JU3125
IV	3010000	3020000	30	3015000	302	71	Yes	Down	LEFT_ARM	JU3125
IV	3020000	3030000	33	3025000	303	105	No	NA	LEFT_ARM	JU3125
IV	3030000	3040000	46	3035000	304	105	No	NA	LEFT_ARM	JU3125
IV	3040000	3050000	15	3045000	305	65	Yes	Down	LEFT_ARM	JU3125
IV	3050000	3060000	30	3055000	306	105	No	NA	LEFT_ARM	JU3125
IV	3060000	3070000	57	3065000	307	49	Yes	Up	LEFT_ARM	JU3125
IV	3070000	3080000	35	3075000	308	105	No	NA	LEFT_ARM	JU3125
IV	3080000	3090000	43	3085000	309	57	Yes	Up	LEFT_ARM	JU3125
IV	3090000	3100000	9	3095000	310	105	No	NA	LEFT_ARM	JU3125
IV	3100000	3110000	11	3105000	311	105	No	NA	LEFT_ARM	JU3125
IV	3110000	3120000	34	3115000	312	69	Yes	Up	LEFT_ARM	JU3125
IV	3120000	3130000	58	3125000	313	37	Yes	Up	LEFT_ARM	JU3125
IV	3130000	3140000	35	3135000	314	105	No	NA	LEFT_ARM	JU3125
IV	3140000	3150000	24	3145000	315	105	No	NA	LEFT_ARM	JU3125
IV	3150000	3160000	25	3155000	316	105	No	NA	LEFT_ARM	JU3125
IV	3160000	3170000	10	3165000	317	54	Yes	Down	LEFT_ARM	JU3125
IV	3170000	3180000	33	3175000	318	105	No	NA	LEFT_ARM	JU3125
IV	3180000	3190000	49	3185000	319	105	No	NA	LEFT_ARM	JU3125
IV	3190000	3200000	48	3195000	320	105	No	NA	LEFT_ARM	JU3125
IV	3200000	3210000	49	3205000	321	105	No	NA	LEFT_ARM	JU3125
IV	3210000	3220000	51	3215000	322	105	No	NA	LEFT_ARM	JU3125
IV	3220000	3230000	30	3225000	323	105	No	NA	LEFT_ARM	JU3125
IV	3230000	3240000	22	3235000	324	70	Yes	Down	LEFT_ARM	JU3125
IV	3240000	3250000	35	3245000	325	105	No	NA	LEFT_ARM	JU3125
IV	3250000	3260000	20	3255000	326	84	Yes	Down	LEFT_ARM	JU3125
IV	3260000	3270000	106	3265000	327	21	Yes	Up	LEFT_ARM	JU3125
IV	3270000	3280000	76	3275000	328	34	Yes	Up	LEFT_ARM	JU3125
IV	3280000	3290000	47	3285000	329	67	Yes	Up	LEFT_ARM	JU3125
IV	3290000	3300000	47	3295000	330	62	Yes	Up	LEFT_ARM	JU3125
IV	3300000	3310000	22	3305000	331	105	No	NA	LEFT_ARM	JU3125
IV	3310000	3320000	29	3315000	332	105	No	NA	LEFT_ARM	JU3125
IV	3320000	3330000	39	3325000	333	105	No	NA	LEFT_ARM	JU3125
IV	3330000	3340000	62	3335000	334	48	Yes	Up	LEFT_ARM	JU3125
IV	3340000	3350000	24	3345000	335	105	No	NA	LEFT_ARM	JU3125
IV	3350000	3360000	40	3355000	336	105	No	NA	LEFT_ARM	JU3125
IV	3360000	3370000	33	3365000	337	105	No	NA	LEFT_ARM	JU3125
IV	3370000	3380000	36	3375000	338	105	No	NA	LEFT_ARM	JU3125
IV	3380000	3390000	14	3385000	339	40	Yes	Down	LEFT_ARM	JU3125
IV	3390000	3400000	31	3395000	340	61	Yes	Down	LEFT_ARM	JU3125
IV	3400000	3410000	57	3405000	341	105	No	NA	LEFT_ARM	JU3125
IV	3410000	3420000	42	3415000	342	105	No	NA	LEFT_ARM	JU3125
IV	3420000	3430000	91	3425000	343	38	Yes	Up	LEFT_ARM	JU3125
IV	3430000	3440000	48	3435000	344	105	No	NA	LEFT_ARM	JU3125
IV	3440000	3450000	40	3445000	345	105	No	NA	LEFT_ARM	JU3125
IV	3450000	3460000	48	3455000	346	105	No	NA	LEFT_ARM	JU3125
IV	3460000	3470000	54	3465000	347	105	No	NA	LEFT_ARM	JU3125
IV	3470000	3480000	59	3475000	348	78	Yes	Up	LEFT_ARM	JU3125
IV	3480000	3490000	56	3485000	349	83	Yes	Up	LEFT_ARM	JU3125
IV	3490000	3500000	43	3495000	350	105	No	NA	LEFT_ARM	JU3125
IV	3500000	3510000	36	3505000	351	105	No	NA	LEFT_ARM	JU3125
IV	3510000	3520000	54	3515000	352	68	Yes	Up	LEFT_ARM	JU3125
IV	3520000	3530000	37	3525000	353	105	No	NA	LEFT_ARM	JU3125
IV	3530000	3540000	45	3535000	354	105	No	NA	LEFT_ARM	JU3125
IV	3540000	3550000	19	3545000	355	105	No	NA	LEFT_ARM	JU3125
IV	3550000	3560000	28	3555000	356	105	No	NA	LEFT_ARM	JU3125
IV	3560000	3570000	24	3565000	357	105	No	NA	LEFT_ARM	JU3125
IV	3570000	3580000	29	3575000	358	105	No	NA	LEFT_ARM	JU3125
IV	3580000	3590000	32	3585000	359	105	No	NA	LEFT_ARM	JU3125
IV	3590000	3600000	17	3595000	360	105	No	NA	LEFT_ARM	JU3125
IV	3600000	3610000	22	3605000	361	105	No	NA	LEFT_ARM	JU3125
IV	3610000	3620000	25	3615000	362	105	No	NA	LEFT_ARM	JU3125
IV	3620000	3630000	27	3625000	363	105	No	NA	LEFT_ARM	JU3125
IV	3630000	3640000	45	3635000	364	50	Yes	Up	LEFT_ARM	JU3125
IV	3640000	3650000	43	3645000	365	51	Yes	Up	LEFT_ARM	JU3125
IV	3650000	3660000	65	3655000	366	29	Yes	Up	LEFT_ARM	JU3125
IV	3660000	3670000	58	3665000	367	33	Yes	Up	LEFT_ARM	JU3125
IV	3670000	3680000	39	3675000	368	47	Yes	Up	LEFT_ARM	JU3125
IV	3680000	3690000	85	3685000	369	18	Yes	Up	LEFT_ARM	JU3125
IV	3690000	3700000	18	3695000	370	105	No	NA	LEFT_ARM	JU3125
IV	3700000	3710000	4	3705000	371	105	No	NA	LEFT_ARM	JU3125
IV	3710000	3720000	6	3715000	372	105	No	NA	LEFT_ARM	JU3125
IV	3720000	3730000	19	3725000	373	105	No	NA	LEFT_ARM	JU3125
IV	3730000	3740000	66	3735000	374	28	Yes	Up	LEFT_ARM	JU3125
IV	3740000	3750000	27	3745000	375	105	No	NA	LEFT_ARM	JU3125
IV	3750000	3760000	11	3755000	376	105	No	NA	LEFT_ARM	JU3125
IV	3760000	3770000	19	3765000	377	105	No	NA	LEFT_ARM	JU3125
IV	3770000	3780000	15	3775000	378	105	No	NA	LEFT_ARM	JU3125
IV	3780000	3790000	24	3785000	379	105	No	NA	LEFT_ARM	JU3125
IV	3790000	3800000	24	3795000	380	105	No	NA	LEFT_ARM	JU3125
IV	3800000	3810000	35	3805000	381	105	No	NA	LEFT_ARM	JU3125
IV	3810000	3820000	28	3815000	382	105	No	NA	LEFT_ARM	JU3125
IV	3820000	3830000	35	3825000	383	105	No	NA	LEFT_ARM	JU3125
IV	3830000	3840000	10	3835000	384	81	Yes	Down	LEFT_ARM	JU3125
IV	3840000	3850000	15	3845000	385	105	No	NA	LEFT_ARM	JU3125
IV	3850000	3860000	5	3855000	386	86	Yes	Down	LEFT_ARM	JU3125
IV	3860000	3870000	13	3865000	387	105	No	NA	LEFT_ARM	JU3125
IV	3870000	3880000	3	3875000	388	105	No	NA	LEFT_ARM	JU3125
IV	3880000	3890000	1	3885000	389	105	No	NA	LEFT_ARM	JU3125
IV	3890000	3900000	3	3895000	390	105	No	NA	LEFT_ARM	JU3125
IV	3900000	3910000	5	3905000	391	105	No	NA	CENTER	JU3125
IV	3910000	3920000	4	3915000	392	105	No	NA	CENTER	JU3125
IV	3920000	3930000	9	3925000	393	105	No	NA	CENTER	JU3125
IV	3930000	3940000	4	3935000	394	105	No	NA	CENTER	JU3125
IV	3940000	3950000	4	3945000	395	105	No	NA	CENTER	JU3125
IV	3950000	3960000	6	3955000	396	105	No	NA	CENTER	JU3125
IV	3960000	3970000	4	3965000	397	105	No	NA	CENTER	JU3125
IV	3970000	3980000	19	3975000	398	79	Yes	Up	CENTER	JU3125
IV	3980000	3990000	21	3985000	399	73	Yes	Up	CENTER	JU3125
IV	3990000	4000000	16	3995000	400	105	No	NA	CENTER	JU3125
IV	4000000	4010000	2	4005000	401	105	No	NA	CENTER	JU3125
IV	4010000	4020000	2	4015000	402	105	No	NA	CENTER	JU3125
IV	4020000	4030000	10	4025000	403	105	No	NA	CENTER	JU3125
IV	4030000	4040000	6	4035000	404	105	No	NA	CENTER	JU3125
IV	4040000	4050000	5	4045000	405	105	No	NA	CENTER	JU3125
IV	4050000	4060000	10	4055000	406	105	No	NA	CENTER	JU3125
IV	4060000	4070000	30	4065000	407	55	Yes	Up	CENTER	JU3125
IV	4070000	4080000	21	4075000	408	105	No	NA	CENTER	JU3125
IV	4080000	4090000	43	4085000	409	41	Yes	Up	CENTER	JU3125
IV	4090000	4100000	20	4095000	410	105	No	NA	CENTER	JU3125
IV	4100000	4110000	9	4105000	411	105	No	NA	CENTER	JU3125
IV	4110000	4120000	7	4115000	412	105	No	NA	CENTER	JU3125
IV	4120000	4130000	22	4125000	413	105	No	NA	CENTER	JU3125
IV	4130000	4140000	0	4135000	414	105	No	NA	CENTER	JU3125
IV	4140000	4150000	13	4145000	415	105	No	NA	CENTER	JU3125
IV	4150000	4160000	0	4155000	416	72	Yes	Down	CENTER	JU3125
IV	4160000	4170000	9	4165000	417	105	No	NA	CENTER	JU3125
IV	4170000	4180000	36	4175000	418	105	No	NA	CENTER	JU3125
IV	4180000	4190000	25	4185000	419	105	No	NA	CENTER	JU3125
IV	4190000	4200000	35	4195000	420	105	No	NA	CENTER	JU3125
IV	4200000	4210000	28	4205000	421	105	No	NA	CENTER	JU3125
IV	4210000	4220000	12	4215000	422	80	Yes	Down	CENTER	JU3125
IV	4220000	4230000	32	4225000	423	105	No	NA	CENTER	JU3125
IV	4230000	4240000	39	4235000	424	105	No	NA	CENTER	JU3125
IV	4240000	4250000	32	4245000	425	105	No	NA	CENTER	JU3125
IV	4250000	4260000	31	4255000	426	105	No	NA	CENTER	JU3125
IV	4260000	4270000	13	4265000	427	87	Yes	Down	CENTER	JU3125
IV	4270000	4280000	75	4275000	428	32	Yes	Up	CENTER	JU3125
IV	4280000	4290000	19	4285000	429	105	No	NA	CENTER	JU3125
IV	4290000	4300000	23	4295000	430	105	No	NA	CENTER	JU3125
IV	4300000	4310000	28	4305000	431	105	No	NA	CENTER	JU3125
IV	4310000	4320000	36	4315000	432	105	No	NA	CENTER	JU3125
IV	4320000	4330000	36	4325000	433	105	No	NA	CENTER	JU3125
IV	4330000	4340000	19	4335000	434	105	No	NA	CENTER	JU3125
IV	4340000	4350000	19	4345000	435	105	No	NA	CENTER	JU3125
IV	4350000	4360000	13	4355000	436	105	No	NA	CENTER	JU3125
IV	4360000	4370000	31	4365000	437	75	Yes	Up	CENTER	JU3125
IV	4370000	4380000	12	4375000	438	105	No	NA	CENTER	JU3125
IV	4380000	4390000	0	4385000	439	105	No	NA	CENTER	JU3125
IV	4390000	4400000	2	4395000	440	105	No	NA	CENTER	JU3125
IV	4400000	4410000	3	4405000	441	105	No	NA	CENTER	JU3125
IV	4410000	4420000	2	4415000	442	105	No	NA	CENTER	JU3125
IV	4420000	4430000	1	4425000	443	105	No	NA	CENTER	JU3125
IV	4430000	4440000	0	4435000	444	105	No	NA	CENTER	JU3125
IV	4440000	4450000	0	4445000	445	105	No	NA	CENTER	JU3125
IV	4450000	4460000	1	4455000	446	105	No	NA	CENTER	JU3125
IV	4460000	4470000	0	4465000	447	105	No	NA	CENTER	JU3125
IV	4470000	4480000	2	4475000	448	105	No	NA	CENTER	JU3125
IV	4480000	4490000	0	4485000	449	105	No	NA	CENTER	JU3125
IV	4490000	4500000	0	4495000	450	105	No	NA	CENTER	JU3125
IV	4500000	4510000	0	4505000	451	105	No	NA	CENTER	JU3125
IV	4510000	4520000	1	4515000	452	105	No	NA	CENTER	JU3125
IV	4520000	4530000	0	4525000	453	105	No	NA	CENTER	JU3125
IV	4530000	4540000	0	4535000	454	105	No	NA	CENTER	JU3125
IV	4540000	4550000	0	4545000	455	105	No	NA	CENTER	JU3125
IV	4550000	4560000	0	4555000	456	105	No	NA	CENTER	JU3125
IV	4560000	4570000	0	4565000	457	105	No	NA	CENTER	JU3125
IV	4570000	4580000	0	4575000	458	105	No	NA	CENTER	JU3125
IV	4580000	4590000	1	4585000	459	105	No	NA	CENTER	JU3125
IV	4590000	4600000	0	4595000	460	105	No	NA	CENTER	JU3125
IV	4600000	4610000	0	4605000	461	105	No	NA	CENTER	JU3125
IV	4610000	4620000	1	4615000	462	105	No	NA	CENTER	JU3125
IV	4620000	4630000	1	4625000	463	105	No	NA	CENTER	JU3125
IV	4630000	4640000	0	4635000	464	105	No	NA	CENTER	JU3125
IV	4640000	4650000	2	4645000	465	105	No	NA	CENTER	JU3125
IV	4650000	4660000	0	4655000	466	105	No	NA	CENTER	JU3125
IV	4660000	4670000	0	4665000	467	105	No	NA	CENTER	JU3125
IV	4670000	4680000	2	4675000	468	105	No	NA	CENTER	JU3125
IV	4680000	4690000	0	4685000	469	105	No	NA	CENTER	JU3125
IV	4690000	4700000	1	4695000	470	105	No	NA	CENTER	JU3125
IV	4700000	4710000	0	4705000	471	105	No	NA	CENTER	JU3125
IV	4710000	4720000	0	4715000	472	105	No	NA	CENTER	JU3125
IV	4720000	4730000	1	4725000	473	105	No	NA	CENTER	JU3125
IV	4730000	4740000	0	4735000	474	105	No	NA	CENTER	JU3125
IV	4740000	4750000	1	4745000	475	105	No	NA	CENTER	JU3125
IV	4750000	4760000	1	4755000	476	105	No	NA	CENTER	JU3125
IV	4760000	4770000	0	4765000	477	105	No	NA	CENTER	JU3125
IV	4770000	4780000	1	4775000	478	105	No	NA	CENTER	JU3125
IV	4780000	4790000	0	4785000	479	105	No	NA	CENTER	JU3125
IV	4790000	4800000	0	4795000	480	105	No	NA	CENTER	JU3125
IV	4800000	4810000	0	4805000	481	105	No	NA	CENTER	JU3125
IV	4810000	4820000	1	4815000	482	105	No	NA	CENTER	JU3125
IV	4820000	4830000	4	4825000	483	105	No	NA	CENTER	JU3125
IV	4830000	4840000	2	4835000	484	105	No	NA	CENTER	JU3125
IV	4840000	4850000	0	4845000	485	105	No	NA	CENTER	JU3125
IV	4850000	4860000	1	4855000	486	105	No	NA	CENTER	JU3125
IV	4860000	4870000	0	4865000	487	105	No	NA	CENTER	JU3125
IV	4870000	4880000	0	4875000	488	105	No	NA	CENTER	JU3125
IV	4880000	4890000	0	4885000	489	105	No	NA	CENTER	JU3125
IV	4890000	4900000	1	4895000	490	105	No	NA	CENTER	JU3125
IV	4900000	4910000	2	4905000	491	105	No	NA	CENTER	JU3125
IV	4910000	4920000	1	4915000	492	105	No	NA	CENTER	JU3125
IV	4920000	4930000	0	4925000	493	105	No	NA	CENTER	JU3125
IV	4930000	4940000	0	4935000	494	105	No	NA	CENTER	JU3125
IV	4940000	4950000	0	4945000	495	105	No	NA	CENTER	JU3125
IV	4950000	4960000	0	4955000	496	105	No	NA	CENTER	JU3125
IV	4960000	4970000	1	4965000	497	105	No	NA	CENTER	JU3125
IV	4970000	4980000	0	4975000	498	105	No	NA	CENTER	JU3125
IV	4980000	4990000	1	4985000	499	105	No	NA	CENTER	JU3125
IV	4990000	5000000	0	4995000	500	105	No	NA	CENTER	JU3125
IV	5000000	5010000	0	5005000	501	105	No	NA	CENTER	JU3125
IV	5010000	5020000	3	5015000	502	105	No	NA	CENTER	JU3125
IV	5020000	5030000	0	5025000	503	105	No	NA	CENTER	JU3125
IV	5030000	5040000	0	5035000	504	105	No	NA	CENTER	JU3125
IV	5040000	5050000	0	5045000	505	105	No	NA	CENTER	JU3125
IV	5050000	5060000	0	5055000	506	105	No	NA	CENTER	JU3125
IV	5060000	5070000	0	5065000	507	105	No	NA	CENTER	JU3125
IV	5070000	5080000	0	5075000	508	105	No	NA	CENTER	JU3125
IV	5080000	5090000	0	5085000	509	105	No	NA	CENTER	JU3125
IV	5090000	5100000	0	5095000	510	105	No	NA	CENTER	JU3125
IV	5100000	5110000	0	5105000	511	105	No	NA	CENTER	JU3125
IV	5110000	5120000	3	5115000	512	105	No	NA	CENTER	JU3125
IV	5120000	5130000	1	5125000	513	105	No	NA	CENTER	JU3125
IV	5130000	5140000	0	5135000	514	105	No	NA	CENTER	JU3125
IV	5140000	5150000	0	5145000	515	105	No	NA	CENTER	JU3125
IV	5150000	5160000	0	5155000	516	105	No	NA	CENTER	JU3125
IV	5160000	5170000	0	5165000	517	105	No	NA	CENTER	JU3125
IV	5170000	5180000	1	5175000	518	105	No	NA	CENTER	JU3125
IV	5180000	5190000	0	5185000	519	105	No	NA	CENTER	JU3125
IV	5190000	5200000	0	5195000	520	105	No	NA	CENTER	JU3125
IV	5200000	5210000	0	5205000	521	105	No	NA	CENTER	JU3125
IV	5210000	5220000	0	5215000	522	105	No	NA	CENTER	JU3125
IV	5220000	5230000	0	5225000	523	105	No	NA	CENTER	JU3125
IV	5230000	5240000	0	5235000	524	105	No	NA	CENTER	JU3125
IV	5240000	5250000	0	5245000	525	105	No	NA	CENTER	JU3125
IV	5250000	5260000	0	5255000	526	105	No	NA	CENTER	JU3125
IV	5260000	5270000	0	5265000	527	105	No	NA	CENTER	JU3125
IV	5270000	5280000	0	5275000	528	105	No	NA	CENTER	JU3125
IV	5280000	5290000	0	5285000	529	105	No	NA	CENTER	JU3125
IV	5290000	5300000	0	5295000	530	105	No	NA	CENTER	JU3125
IV	5300000	5310000	1	5305000	531	105	No	NA	CENTER	JU3125
IV	5310000	5320000	0	5315000	532	105	No	NA	CENTER	JU3125
IV	5320000	5330000	0	5325000	533	105	No	NA	CENTER	JU3125
IV	5330000	5340000	1	5335000	534	105	No	NA	CENTER	JU3125
IV	5340000	5350000	0	5345000	535	105	No	NA	CENTER	JU3125
IV	5350000	5360000	0	5355000	536	105	No	NA	CENTER	JU3125
IV	5360000	5370000	1	5365000	537	105	No	NA	CENTER	JU3125
IV	5370000	5380000	0	5375000	538	105	No	NA	CENTER	JU3125
IV	5380000	5390000	0	5385000	539	105	No	NA	CENTER	JU3125
IV	5390000	5400000	1	5395000	540	105	No	NA	CENTER	JU3125
IV	5400000	5410000	1	5405000	541	105	No	NA	CENTER	JU3125
IV	5410000	5420000	0	5415000	542	105	No	NA	CENTER	JU3125
IV	5420000	5430000	1	5425000	543	105	No	NA	CENTER	JU3125
IV	5430000	5440000	0	5435000	544	105	No	NA	CENTER	JU3125
IV	5440000	5450000	0	5445000	545	105	No	NA	CENTER	JU3125
IV	5450000	5460000	0	5455000	546	105	No	NA	CENTER	JU3125
IV	5460000	5470000	2	5465000	547	105	No	NA	CENTER	JU3125
IV	5470000	5480000	0	5475000	548	105	No	NA	CENTER	JU3125
IV	5480000	5490000	1	5485000	549	105	No	NA	CENTER	JU3125
IV	5490000	5500000	0	5495000	550	105	No	NA	CENTER	JU3125
IV	5500000	5510000	0	5505000	551	105	No	NA	CENTER	JU3125
IV	5510000	5520000	0	5515000	552	105	No	NA	CENTER	JU3125
IV	5520000	5530000	0	5525000	553	105	No	NA	CENTER	JU3125
IV	5530000	5540000	0	5535000	554	105	No	NA	CENTER	JU3125
IV	5540000	5550000	0	5545000	555	105	No	NA	CENTER	JU3125
IV	5550000	5560000	0	5555000	556	105	No	NA	CENTER	JU3125
IV	5560000	5570000	2	5565000	557	105	No	NA	CENTER	JU3125
IV	5570000	5580000	0	5575000	558	105	No	NA	CENTER	JU3125
IV	5580000	5590000	3	5585000	559	105	No	NA	CENTER	JU3125
IV	5590000	5600000	1	5595000	560	105	No	NA	CENTER	JU3125
IV	5600000	5610000	0	5605000	561	105	No	NA	CENTER	JU3125
IV	5610000	5620000	0	5615000	562	105	No	NA	CENTER	JU3125
IV	5620000	5630000	1	5625000	563	105	No	NA	CENTER	JU3125
IV	5630000	5640000	0	5635000	564	105	No	NA	CENTER	JU3125
IV	5640000	5650000	0	5645000	565	105	No	NA	CENTER	JU3125
IV	5650000	5660000	0	5655000	566	105	No	NA	CENTER	JU3125
IV	5660000	5670000	1	5665000	567	105	No	NA	CENTER	JU3125
IV	5670000	5680000	1	5675000	568	105	No	NA	CENTER	JU3125
IV	5680000	5690000	0	5685000	569	105	No	NA	CENTER	JU3125
IV	5690000	5700000	0	5695000	570	105	No	NA	CENTER	JU3125
IV	5700000	5710000	4	5705000	571	105	No	NA	CENTER	JU3125
IV	5710000	5720000	0	5715000	572	105	No	NA	CENTER	JU3125
IV	5720000	5730000	0	5725000	573	105	No	NA	CENTER	JU3125
IV	5730000	5740000	0	5735000	574	105	No	NA	CENTER	JU3125
IV	5740000	5750000	0	5745000	575	105	No	NA	CENTER	JU3125
IV	5750000	5760000	0	5755000	576	105	No	NA	CENTER	JU3125
IV	5760000	5770000	0	5765000	577	105	No	NA	CENTER	JU3125
IV	5770000	5780000	1	5775000	578	105	No	NA	CENTER	JU3125
IV	5780000	5790000	1	5785000	579	105	No	NA	CENTER	JU3125
IV	5790000	5800000	1	5795000	580	105	No	NA	CENTER	JU3125
IV	5800000	5810000	1	5805000	581	105	No	NA	CENTER	JU3125
IV	5810000	5820000	0	5815000	582	105	No	NA	CENTER	JU3125
IV	5820000	5830000	0	5825000	583	105	No	NA	CENTER	JU3125
IV	5830000	5840000	0	5835000	584	105	No	NA	CENTER	JU3125
IV	5840000	5850000	0	5845000	585	105	No	NA	CENTER	JU3125
IV	5850000	5860000	0	5855000	586	105	No	NA	CENTER	JU3125
IV	5860000	5870000	0	5865000	587	105	No	NA	CENTER	JU3125
IV	5870000	5880000	0	5875000	588	105	No	NA	CENTER	JU3125
IV	5880000	5890000	0	5885000	589	105	No	NA	CENTER	JU3125
IV	5890000	5900000	0	5895000	590	105	No	NA	CENTER	JU3125
IV	5900000	5910000	0	5905000	591	105	No	NA	CENTER	JU3125
IV	5910000	5920000	0	5915000	592	105	No	NA	CENTER	JU3125
IV	5920000	5930000	0	5925000	593	105	No	NA	CENTER	JU3125
IV	5930000	5940000	0	5935000	594	105	No	NA	CENTER	JU3125
IV	5940000	5950000	0	5945000	595	105	No	NA	CENTER	JU3125
IV	5950000	5960000	0	5955000	596	105	No	NA	CENTER	JU3125
IV	5960000	5970000	0	5965000	597	105	No	NA	CENTER	JU3125
IV	5970000	5980000	0	5975000	598	105	No	NA	CENTER	JU3125
IV	5980000	5990000	0	5985000	599	105	No	NA	CENTER	JU3125
IV	5990000	6000000	0	5995000	600	105	No	NA	CENTER	JU3125
IV	6000000	6010000	1	6005000	601	105	No	NA	CENTER	JU3125
IV	6010000	6020000	0	6015000	602	105	No	NA	CENTER	JU3125
IV	6020000	6030000	1	6025000	603	105	No	NA	CENTER	JU3125
IV	6030000	6040000	0	6035000	604	105	No	NA	CENTER	JU3125
IV	6040000	6050000	1	6045000	605	105	No	NA	CENTER	JU3125
IV	6050000	6060000	0	6055000	606	105	No	NA	CENTER	JU3125
IV	6060000	6070000	0	6065000	607	105	No	NA	CENTER	JU3125
IV	6070000	6080000	0	6075000	608	105	No	NA	CENTER	JU3125
IV	6080000	6090000	1	6085000	609	105	No	NA	CENTER	JU3125
IV	6090000	6100000	1	6095000	610	105	No	NA	CENTER	JU3125
IV	6100000	6110000	0	6105000	611	105	No	NA	CENTER	JU3125
IV	6110000	6120000	0	6115000	612	105	No	NA	CENTER	JU3125
IV	6120000	6130000	0	6125000	613	105	No	NA	CENTER	JU3125
IV	6130000	6140000	0	6135000	614	105	No	NA	CENTER	JU3125
IV	6140000	6150000	0	6145000	615	105	No	NA	CENTER	JU3125
IV	6150000	6160000	1	6155000	616	105	No	NA	CENTER	JU3125
IV	6160000	6170000	0	6165000	617	105	No	NA	CENTER	JU3125
IV	6170000	6180000	0	6175000	618	105	No	NA	CENTER	JU3125
IV	6180000	6190000	0	6185000	619	105	No	NA	CENTER	JU3125
IV	6190000	6200000	1	6195000	620	105	No	NA	CENTER	JU3125
IV	6200000	6210000	0	6205000	621	105	No	NA	CENTER	JU3125
IV	6210000	6220000	3	6215000	622	105	No	NA	CENTER	JU3125
IV	6220000	6230000	0	6225000	623	105	No	NA	CENTER	JU3125
IV	6230000	6240000	0	6235000	624	105	No	NA	CENTER	JU3125
IV	6240000	6250000	0	6245000	625	105	No	NA	CENTER	JU3125
IV	6250000	6260000	1	6255000	626	105	No	NA	CENTER	JU3125
IV	6260000	6270000	0	6265000	627	105	No	NA	CENTER	JU3125
IV	6270000	6280000	0	6275000	628	105	No	NA	CENTER	JU3125
IV	6280000	6290000	1	6285000	629	105	No	NA	CENTER	JU3125
IV	6290000	6300000	0	6295000	630	105	No	NA	CENTER	JU3125
IV	6300000	6310000	1	6305000	631	105	No	NA	CENTER	JU3125
IV	6310000	6320000	1	6315000	632	105	No	NA	CENTER	JU3125
IV	6320000	6330000	0	6325000	633	105	No	NA	CENTER	JU3125
IV	6330000	6340000	1	6335000	634	105	No	NA	CENTER	JU3125
IV	6340000	6350000	0	6345000	635	105	No	NA	CENTER	JU3125
IV	6350000	6360000	4	6355000	636	105	No	NA	CENTER	JU3125
IV	6360000	6370000	3	6365000	637	105	No	NA	CENTER	JU3125
IV	6370000	6380000	0	6375000	638	105	No	NA	CENTER	JU3125
IV	6380000	6390000	0	6385000	639	105	No	NA	CENTER	JU3125
IV	6390000	6400000	1	6395000	640	105	No	NA	CENTER	JU3125
IV	6400000	6410000	0	6405000	641	105	No	NA	CENTER	JU3125
IV	6410000	6420000	0	6415000	642	105	No	NA	CENTER	JU3125
IV	6420000	6430000	0	6425000	643	105	No	NA	CENTER	JU3125
IV	6430000	6440000	0	6435000	644	105	No	NA	CENTER	JU3125
IV	6440000	6450000	0	6445000	645	105	No	NA	CENTER	JU3125
IV	6450000	6460000	1	6455000	646	105	No	NA	CENTER	JU3125
IV	6460000	6470000	1	6465000	647	105	No	NA	CENTER	JU3125
IV	6470000	6480000	0	6475000	648	105	No	NA	CENTER	JU3125
IV	6480000	6490000	1	6485000	649	105	No	NA	CENTER	JU3125
IV	6490000	6500000	0	6495000	650	105	No	NA	CENTER	JU3125
IV	6500000	6510000	0	6505000	651	105	No	NA	CENTER	JU3125
IV	6510000	6520000	1	6515000	652	105	No	NA	CENTER	JU3125
IV	6520000	6530000	0	6525000	653	105	No	NA	CENTER	JU3125
IV	6530000	6540000	0	6535000	654	105	No	NA	CENTER	JU3125
IV	6540000	6550000	1	6545000	655	105	No	NA	CENTER	JU3125
IV	6550000	6560000	1	6555000	656	105	No	NA	CENTER	JU3125
IV	6560000	6570000	0	6565000	657	105	No	NA	CENTER	JU3125
IV	6570000	6580000	1	6575000	658	105	No	NA	CENTER	JU3125
IV	6580000	6590000	1	6585000	659	105	No	NA	CENTER	JU3125
IV	6590000	6600000	0	6595000	660	105	No	NA	CENTER	JU3125
IV	6600000	6610000	0	6605000	661	105	No	NA	CENTER	JU3125
IV	6610000	6620000	0	6615000	662	105	No	NA	CENTER	JU3125
IV	6620000	6630000	0	6625000	663	105	No	NA	CENTER	JU3125
IV	6630000	6640000	0	6635000	664	105	No	NA	CENTER	JU3125
IV	6640000	6650000	1	6645000	665	105	No	NA	CENTER	JU3125
IV	6650000	6660000	0	6655000	666	105	No	NA	CENTER	JU3125
IV	6660000	6670000	1	6665000	667	105	No	NA	CENTER	JU3125
IV	6670000	6680000	0	6675000	668	105	No	NA	CENTER	JU3125
IV	6680000	6690000	9	6685000	669	105	No	NA	CENTER	JU3125
IV	6690000	6700000	2	6695000	670	105	No	NA	CENTER	JU3125
IV	6700000	6710000	6	6705000	671	105	No	NA	CENTER	JU3125
IV	6710000	6720000	7	6715000	672	105	No	NA	CENTER	JU3125
IV	6720000	6730000	1	6725000	673	105	No	NA	CENTER	JU3125
IV	6730000	6740000	8	6735000	674	105	No	NA	CENTER	JU3125
IV	6740000	6750000	3	6745000	675	105	No	NA	CENTER	JU3125
IV	6750000	6760000	0	6755000	676	105	No	NA	CENTER	JU3125
IV	6760000	6770000	0	6765000	677	105	No	NA	CENTER	JU3125
IV	6770000	6780000	0	6775000	678	105	No	NA	CENTER	JU3125
IV	6780000	6790000	0	6785000	679	105	No	NA	CENTER	JU3125
IV	6790000	6800000	0	6795000	680	105	No	NA	CENTER	JU3125
IV	6800000	6810000	0	6805000	681	105	No	NA	CENTER	JU3125
IV	6810000	6820000	0	6815000	682	105	No	NA	CENTER	JU3125
IV	6820000	6830000	0	6825000	683	105	No	NA	CENTER	JU3125
IV	6830000	6840000	0	6835000	684	105	No	NA	CENTER	JU3125
IV	6840000	6850000	1	6845000	685	105	No	NA	CENTER	JU3125
IV	6850000	6860000	0	6855000	686	105	No	NA	CENTER	JU3125
IV	6860000	6870000	0	6865000	687	105	No	NA	CENTER	JU3125
IV	6870000	6880000	0	6875000	688	105	No	NA	CENTER	JU3125
IV	6880000	6890000	0	6885000	689	105	No	NA	CENTER	JU3125
IV	6890000	6900000	0	6895000	690	105	No	NA	CENTER	JU3125
IV	6900000	6910000	0	6905000	691	105	No	NA	CENTER	JU3125
IV	6910000	6920000	1	6915000	692	105	No	NA	CENTER	JU3125
IV	6920000	6930000	2	6925000	693	105	No	NA	CENTER	JU3125
IV	6930000	6940000	0	6935000	694	105	No	NA	CENTER	JU3125
IV	6940000	6950000	0	6945000	695	105	No	NA	CENTER	JU3125
IV	6950000	6960000	0	6955000	696	105	No	NA	CENTER	JU3125
IV	6960000	6970000	0	6965000	697	105	No	NA	CENTER	JU3125
IV	6970000	6980000	1	6975000	698	105	No	NA	CENTER	JU3125
IV	6980000	6990000	2	6985000	699	105	No	NA	CENTER	JU3125
IV	6990000	7000000	0	6995000	700	105	No	NA	CENTER	JU3125
IV	7000000	7010000	1	7005000	701	105	No	NA	CENTER	JU3125
IV	7010000	7020000	0	7015000	702	105	No	NA	CENTER	JU3125
IV	7020000	7030000	0	7025000	703	105	No	NA	CENTER	JU3125
IV	7030000	7040000	0	7035000	704	105	No	NA	CENTER	JU3125
IV	7040000	7050000	3	7045000	705	105	No	NA	CENTER	JU3125
IV	7050000	7060000	2	7055000	706	105	No	NA	CENTER	JU3125
IV	7060000	7070000	0	7065000	707	105	No	NA	CENTER	JU3125
IV	7070000	7080000	1	7075000	708	105	No	NA	CENTER	JU3125
IV	7080000	7090000	0	7085000	709	105	No	NA	CENTER	JU3125
IV	7090000	7100000	0	7095000	710	105	No	NA	CENTER	JU3125
IV	7100000	7110000	0	7105000	711	105	No	NA	CENTER	JU3125
IV	7110000	7120000	0	7115000	712	105	No	NA	CENTER	JU3125
IV	7120000	7130000	10	7125000	713	105	No	NA	CENTER	JU3125
IV	7130000	7140000	0	7135000	714	105	No	NA	CENTER	JU3125
IV	7140000	7150000	0	7145000	715	105	No	NA	CENTER	JU3125
IV	7150000	7160000	1	7155000	716	105	No	NA	CENTER	JU3125
IV	7160000	7170000	0	7165000	717	105	No	NA	CENTER	JU3125
IV	7170000	7180000	0	7175000	718	105	No	NA	CENTER	JU3125
IV	7180000	7190000	1	7185000	719	105	No	NA	CENTER	JU3125
IV	7190000	7200000	0	7195000	720	105	No	NA	CENTER	JU3125
IV	7200000	7210000	0	7205000	721	105	No	NA	CENTER	JU3125
IV	7210000	7220000	0	7215000	722	105	No	NA	CENTER	JU3125
IV	7220000	7230000	0	7225000	723	105	No	NA	CENTER	JU3125
IV	7230000	7240000	0	7235000	724	105	No	NA	CENTER	JU3125
IV	7240000	7250000	1	7245000	725	105	No	NA	CENTER	JU3125
IV	7250000	7260000	2	7255000	726	105	No	NA	CENTER	JU3125
IV	7260000	7270000	8	7265000	727	105	No	NA	CENTER	JU3125
IV	7270000	7280000	1	7275000	728	105	No	NA	CENTER	JU3125
IV	7280000	7290000	0	7285000	729	105	No	NA	CENTER	JU3125
IV	7290000	7300000	0	7295000	730	105	No	NA	CENTER	JU3125
IV	7300000	7310000	1	7305000	731	105	No	NA	CENTER	JU3125
IV	7310000	7320000	0	7315000	732	105	No	NA	CENTER	JU3125
IV	7320000	7330000	0	7325000	733	105	No	NA	CENTER	JU3125
IV	7330000	7340000	1	7335000	734	105	No	NA	CENTER	JU3125
IV	7340000	7350000	0	7345000	735	105	No	NA	CENTER	JU3125
IV	7350000	7360000	0	7355000	736	105	No	NA	CENTER	JU3125
IV	7360000	7370000	0	7365000	737	105	No	NA	CENTER	JU3125
IV	7370000	7380000	0	7375000	738	105	No	NA	CENTER	JU3125
IV	7380000	7390000	1	7385000	739	105	No	NA	CENTER	JU3125
IV	7390000	7400000	0	7395000	740	105	No	NA	CENTER	JU3125
IV	7400000	7410000	0	7405000	741	105	No	NA	CENTER	JU3125
IV	7410000	7420000	0	7415000	742	105	No	NA	CENTER	JU3125
IV	7420000	7430000	2	7425000	743	105	No	NA	CENTER	JU3125
IV	7430000	7440000	0	7435000	744	105	No	NA	CENTER	JU3125
IV	7440000	7450000	0	7445000	745	105	No	NA	CENTER	JU3125
IV	7450000	7460000	0	7455000	746	105	No	NA	CENTER	JU3125
IV	7460000	7470000	1	7465000	747	105	No	NA	CENTER	JU3125
IV	7470000	7480000	0	7475000	748	105	No	NA	CENTER	JU3125
IV	7480000	7490000	0	7485000	749	105	No	NA	CENTER	JU3125
IV	7490000	7500000	0	7495000	750	105	No	NA	CENTER	JU3125
IV	7500000	7510000	0	7505000	751	105	No	NA	CENTER	JU3125
IV	7510000	7520000	0	7515000	752	105	No	NA	CENTER	JU3125
IV	7520000	7530000	1	7525000	753	105	No	NA	CENTER	JU3125
IV	7530000	7540000	1	7535000	754	105	No	NA	CENTER	JU3125
IV	7540000	7550000	1	7545000	755	105	No	NA	CENTER	JU3125
IV	7550000	7560000	0	7555000	756	105	No	NA	CENTER	JU3125
IV	7560000	7570000	0	7565000	757	105	No	NA	CENTER	JU3125
IV	7570000	7580000	0	7575000	758	105	No	NA	CENTER	JU3125
IV	7580000	7590000	0	7585000	759	105	No	NA	CENTER	JU3125
IV	7590000	7600000	11	7595000	760	105	No	NA	CENTER	JU3125
IV	7600000	7610000	3	7605000	761	105	No	NA	CENTER	JU3125
IV	7610000	7620000	0	7615000	762	105	No	NA	CENTER	JU3125
IV	7620000	7630000	0	7625000	763	105	No	NA	CENTER	JU3125
IV	7630000	7640000	0	7635000	764	105	No	NA	CENTER	JU3125
IV	7640000	7650000	0	7645000	765	105	No	NA	CENTER	JU3125
IV	7650000	7660000	0	7655000	766	105	No	NA	CENTER	JU3125
IV	7660000	7670000	0	7665000	767	105	No	NA	CENTER	JU3125
IV	7670000	7680000	0	7675000	768	105	No	NA	CENTER	JU3125
IV	7680000	7690000	0	7685000	769	105	No	NA	CENTER	JU3125
IV	7690000	7700000	0	7695000	770	105	No	NA	CENTER	JU3125
IV	7700000	7710000	0	7705000	771	105	No	NA	CENTER	JU3125
IV	7710000	7720000	0	7715000	772	105	No	NA	CENTER	JU3125
IV	7720000	7730000	0	7725000	773	105	No	NA	CENTER	JU3125
IV	7730000	7740000	0	7735000	774	105	No	NA	CENTER	JU3125
IV	7740000	7750000	0	7745000	775	105	No	NA	CENTER	JU3125
IV	7750000	7760000	0	7755000	776	105	No	NA	CENTER	JU3125
IV	7760000	7770000	0	7765000	777	105	No	NA	CENTER	JU3125
IV	7770000	7780000	1	7775000	778	105	No	NA	CENTER	JU3125
IV	7780000	7790000	0	7785000	779	105	No	NA	CENTER	JU3125
IV	7790000	7800000	0	7795000	780	105	No	NA	CENTER	JU3125
IV	7800000	7810000	0	7805000	781	105	No	NA	CENTER	JU3125
IV	7810000	7820000	0	7815000	782	105	No	NA	CENTER	JU3125
IV	7820000	7830000	1	7825000	783	105	No	NA	CENTER	JU3125
IV	7830000	7840000	0	7835000	784	105	No	NA	CENTER	JU3125
IV	7840000	7850000	0	7845000	785	105	No	NA	CENTER	JU3125
IV	7850000	7860000	0	7855000	786	105	No	NA	CENTER	JU3125
IV	7860000	7870000	1	7865000	787	105	No	NA	CENTER	JU3125
IV	7870000	7880000	1	7875000	788	105	No	NA	CENTER	JU3125
IV	7880000	7890000	0	7885000	789	105	No	NA	CENTER	JU3125
IV	7890000	7900000	1	7895000	790	105	No	NA	CENTER	JU3125
IV	7900000	7910000	1	7905000	791	105	No	NA	CENTER	JU3125
IV	7910000	7920000	0	7915000	792	105	No	NA	CENTER	JU3125
IV	7920000	7930000	0	7925000	793	105	No	NA	CENTER	JU3125
IV	7930000	7940000	0	7935000	794	105	No	NA	CENTER	JU3125
IV	7940000	7950000	0	7945000	795	105	No	NA	CENTER	JU3125
IV	7950000	7960000	0	7955000	796	105	No	NA	CENTER	JU3125
IV	7960000	7970000	0	7965000	797	105	No	NA	CENTER	JU3125
IV	7970000	7980000	0	7975000	798	105	No	NA	CENTER	JU3125
IV	7980000	7990000	0	7985000	799	105	No	NA	CENTER	JU3125
IV	7990000	8000000	0	7995000	800	105	No	NA	CENTER	JU3125
IV	8000000	8010000	1	8005000	801	105	No	NA	CENTER	JU3125
IV	8010000	8020000	1	8015000	802	105	No	NA	CENTER	JU3125
IV	8020000	8030000	0	8025000	803	105	No	NA	CENTER	JU3125
IV	8030000	8040000	0	8035000	804	105	No	NA	CENTER	JU3125
IV	8040000	8050000	0	8045000	805	105	No	NA	CENTER	JU3125
IV	8050000	8060000	1	8055000	806	105	No	NA	CENTER	JU3125
IV	8060000	8070000	2	8065000	807	105	No	NA	CENTER	JU3125
IV	8070000	8080000	2	8075000	808	105	No	NA	CENTER	JU3125
IV	8080000	8090000	1	8085000	809	105	No	NA	CENTER	JU3125
IV	8090000	8100000	0	8095000	810	105	No	NA	CENTER	JU3125
IV	8100000	8110000	0	8105000	811	105	No	NA	CENTER	JU3125
IV	8110000	8120000	1	8115000	812	105	No	NA	CENTER	JU3125
IV	8120000	8130000	1	8125000	813	105	No	NA	CENTER	JU3125
IV	8130000	8140000	0	8135000	814	105	No	NA	CENTER	JU3125
IV	8140000	8150000	0	8145000	815	105	No	NA	CENTER	JU3125
IV	8150000	8160000	0	8155000	816	105	No	NA	CENTER	JU3125
IV	8160000	8170000	0	8165000	817	105	No	NA	CENTER	JU3125
IV	8170000	8180000	0	8175000	818	105	No	NA	CENTER	JU3125
IV	8180000	8190000	0	8185000	819	105	No	NA	CENTER	JU3125
IV	8190000	8200000	0	8195000	820	105	No	NA	CENTER	JU3125
IV	8200000	8210000	0	8205000	821	105	No	NA	CENTER	JU3125
IV	8210000	8220000	0	8215000	822	105	No	NA	CENTER	JU3125
IV	8220000	8230000	0	8225000	823	105	No	NA	CENTER	JU3125
IV	8230000	8240000	0	8235000	824	105	No	NA	CENTER	JU3125
IV	8240000	8250000	0	8245000	825	105	No	NA	CENTER	JU3125
IV	8250000	8260000	0	8255000	826	105	No	NA	CENTER	JU3125
IV	8260000	8270000	0	8265000	827	105	No	NA	CENTER	JU3125
IV	8270000	8280000	0	8275000	828	105	No	NA	CENTER	JU3125
IV	8280000	8290000	0	8285000	829	105	No	NA	CENTER	JU3125
IV	8290000	8300000	0	8295000	830	105	No	NA	CENTER	JU3125
IV	8300000	8310000	0	8305000	831	105	No	NA	CENTER	JU3125
IV	8310000	8320000	2	8315000	832	105	No	NA	CENTER	JU3125
IV	8320000	8330000	0	8325000	833	105	No	NA	CENTER	JU3125
IV	8330000	8340000	0	8335000	834	105	No	NA	CENTER	JU3125
IV	8340000	8350000	0	8345000	835	105	No	NA	CENTER	JU3125
IV	8350000	8360000	0	8355000	836	105	No	NA	CENTER	JU3125
IV	8360000	8370000	0	8365000	837	105	No	NA	CENTER	JU3125
IV	8370000	8380000	3	8375000	838	105	No	NA	CENTER	JU3125
IV	8380000	8390000	0	8385000	839	105	No	NA	CENTER	JU3125
IV	8390000	8400000	0	8395000	840	105	No	NA	CENTER	JU3125
IV	8400000	8410000	0	8405000	841	105	No	NA	CENTER	JU3125
IV	8410000	8420000	2	8415000	842	105	No	NA	CENTER	JU3125
IV	8420000	8430000	0	8425000	843	105	No	NA	CENTER	JU3125
IV	8430000	8440000	0	8435000	844	105	No	NA	CENTER	JU3125
IV	8440000	8450000	1	8445000	845	105	No	NA	CENTER	JU3125
IV	8450000	8460000	0	8455000	846	105	No	NA	CENTER	JU3125
IV	8460000	8470000	6	8465000	847	105	No	NA	CENTER	JU3125
IV	8470000	8480000	0	8475000	848	105	No	NA	CENTER	JU3125
IV	8480000	8490000	0	8485000	849	105	No	NA	CENTER	JU3125
IV	8490000	8500000	0	8495000	850	105	No	NA	CENTER	JU3125
IV	8500000	8510000	0	8505000	851	105	No	NA	CENTER	JU3125
IV	8510000	8520000	0	8515000	852	105	No	NA	CENTER	JU3125
IV	8520000	8530000	1	8525000	853	105	No	NA	CENTER	JU3125
IV	8530000	8540000	0	8535000	854	105	No	NA	CENTER	JU3125
IV	8540000	8550000	0	8545000	855	105	No	NA	CENTER	JU3125
IV	8550000	8560000	0	8555000	856	105	No	NA	CENTER	JU3125
IV	8560000	8570000	2	8565000	857	105	No	NA	CENTER	JU3125
IV	8570000	8580000	32	8575000	858	44	Yes	Up	CENTER	JU3125
IV	8580000	8590000	11	8585000	859	105	No	NA	CENTER	JU3125
IV	8590000	8600000	0	8595000	860	105	No	NA	CENTER	JU3125
IV	8600000	8610000	0	8605000	861	105	No	NA	CENTER	JU3125
IV	8610000	8620000	0	8615000	862	105	No	NA	CENTER	JU3125
IV	8620000	8630000	0	8625000	863	105	No	NA	CENTER	JU3125
IV	8630000	8640000	1	8635000	864	105	No	NA	CENTER	JU3125
IV	8640000	8650000	0	8645000	865	105	No	NA	CENTER	JU3125
IV	8650000	8660000	0	8655000	866	105	No	NA	CENTER	JU3125
IV	8660000	8670000	0	8665000	867	105	No	NA	CENTER	JU3125
IV	8670000	8680000	1	8675000	868	105	No	NA	CENTER	JU3125
IV	8680000	8690000	0	8685000	869	105	No	NA	CENTER	JU3125
IV	8690000	8700000	0	8695000	870	105	No	NA	CENTER	JU3125
IV	8700000	8710000	1	8705000	871	105	No	NA	CENTER	JU3125
IV	8710000	8720000	1	8715000	872	105	No	NA	CENTER	JU3125
IV	8720000	8730000	0	8725000	873	105	No	NA	CENTER	JU3125
IV	8730000	8740000	1	8735000	874	105	No	NA	CENTER	JU3125
IV	8740000	8750000	2	8745000	875	105	No	NA	CENTER	JU3125
IV	8750000	8760000	0	8755000	876	105	No	NA	CENTER	JU3125
IV	8760000	8770000	0	8765000	877	105	No	NA	CENTER	JU3125
IV	8770000	8780000	0	8775000	878	105	No	NA	CENTER	JU3125
IV	8780000	8790000	0	8785000	879	105	No	NA	CENTER	JU3125
IV	8790000	8800000	0	8795000	880	105	No	NA	CENTER	JU3125
IV	8800000	8810000	1	8805000	881	105	No	NA	CENTER	JU3125
IV	8810000	8820000	0	8815000	882	105	No	NA	CENTER	JU3125
IV	8820000	8830000	1	8825000	883	105	No	NA	CENTER	JU3125
IV	8830000	8840000	0	8835000	884	105	No	NA	CENTER	JU3125
IV	8840000	8850000	0	8845000	885	105	No	NA	CENTER	JU3125
IV	8850000	8860000	0	8855000	886	105	No	NA	CENTER	JU3125
IV	8860000	8870000	0	8865000	887	105	No	NA	CENTER	JU3125
IV	8870000	8880000	0	8875000	888	105	No	NA	CENTER	JU3125
IV	8880000	8890000	0	8885000	889	105	No	NA	CENTER	JU3125
IV	8890000	8900000	0	8895000	890	105	No	NA	CENTER	JU3125
IV	8900000	8910000	0	8905000	891	105	No	NA	CENTER	JU3125
IV	8910000	8920000	1	8915000	892	105	No	NA	CENTER	JU3125
IV	8920000	8930000	0	8925000	893	105	No	NA	CENTER	JU3125
IV	8930000	8940000	1	8935000	894	105	No	NA	CENTER	JU3125
IV	8940000	8950000	5	8945000	895	105	No	NA	CENTER	JU3125
IV	8950000	8960000	0	8955000	896	105	No	NA	CENTER	JU3125
IV	8960000	8970000	0	8965000	897	105	No	NA	CENTER	JU3125
IV	8970000	8980000	0	8975000	898	105	No	NA	CENTER	JU3125
IV	8980000	8990000	0	8985000	899	105	No	NA	CENTER	JU3125
IV	8990000	9000000	0	8995000	900	105	No	NA	CENTER	JU3125
IV	9000000	9010000	0	9005000	901	105	No	NA	CENTER	JU3125
IV	9010000	9020000	0	9015000	902	105	No	NA	CENTER	JU3125
IV	9020000	9030000	0	9025000	903	105	No	NA	CENTER	JU3125
IV	9030000	9040000	0	9035000	904	105	No	NA	CENTER	JU3125
IV	9040000	9050000	4	9045000	905	105	No	NA	CENTER	JU3125
IV	9050000	9060000	0	9055000	906	105	No	NA	CENTER	JU3125
IV	9060000	9070000	0	9065000	907	105	No	NA	CENTER	JU3125
IV	9070000	9080000	0	9075000	908	105	No	NA	CENTER	JU3125
IV	9080000	9090000	0	9085000	909	105	No	NA	CENTER	JU3125
IV	9090000	9100000	1	9095000	910	105	No	NA	CENTER	JU3125
IV	9100000	9110000	0	9105000	911	105	No	NA	CENTER	JU3125
IV	9110000	9120000	1	9115000	912	105	No	NA	CENTER	JU3125
IV	9120000	9130000	0	9125000	913	105	No	NA	CENTER	JU3125
IV	9130000	9140000	0	9135000	914	105	No	NA	CENTER	JU3125
IV	9140000	9150000	0	9145000	915	105	No	NA	CENTER	JU3125
IV	9150000	9160000	1	9155000	916	105	No	NA	CENTER	JU3125
IV	9160000	9170000	0	9165000	917	105	No	NA	CENTER	JU3125
IV	9170000	9180000	0	9175000	918	105	No	NA	CENTER	JU3125
IV	9180000	9190000	0	9185000	919	105	No	NA	CENTER	JU3125
IV	9190000	9200000	0	9195000	920	105	No	NA	CENTER	JU3125
IV	9200000	9210000	0	9205000	921	105	No	NA	CENTER	JU3125
IV	9210000	9220000	0	9215000	922	105	No	NA	CENTER	JU3125
IV	9220000	9230000	0	9225000	923	105	No	NA	CENTER	JU3125
IV	9230000	9240000	0	9235000	924	105	No	NA	CENTER	JU3125
IV	9240000	9250000	0	9245000	925	105	No	NA	CENTER	JU3125
IV	9250000	9260000	0	9255000	926	105	No	NA	CENTER	JU3125
IV	9260000	9270000	0	9265000	927	105	No	NA	CENTER	JU3125
IV	9270000	9280000	0	9275000	928	105	No	NA	CENTER	JU3125
IV	9280000	9290000	0	9285000	929	105	No	NA	CENTER	JU3125
IV	9290000	9300000	0	9295000	930	105	No	NA	CENTER	JU3125
IV	9300000	9310000	0	9305000	931	105	No	NA	CENTER	JU3125
IV	9310000	9320000	0	9315000	932	105	No	NA	CENTER	JU3125
IV	9320000	9330000	0	9325000	933	105	No	NA	CENTER	JU3125
IV	9330000	9340000	0	9335000	934	105	No	NA	CENTER	JU3125
IV	9340000	9350000	0	9345000	935	105	No	NA	CENTER	JU3125
IV	9350000	9360000	1	9355000	936	105	No	NA	CENTER	JU3125
IV	9360000	9370000	0	9365000	937	105	No	NA	CENTER	JU3125
IV	9370000	9380000	3	9375000	938	105	No	NA	CENTER	JU3125
IV	9380000	9390000	0	9385000	939	105	No	NA	CENTER	JU3125
IV	9390000	9400000	1	9395000	940	105	No	NA	CENTER	JU3125
IV	9400000	9410000	0	9405000	941	105	No	NA	CENTER	JU3125
IV	9410000	9420000	1	9415000	942	105	No	NA	CENTER	JU3125
IV	9420000	9430000	1	9425000	943	105	No	NA	CENTER	JU3125
IV	9430000	9440000	0	9435000	944	105	No	NA	CENTER	JU3125
IV	9440000	9450000	0	9445000	945	105	No	NA	CENTER	JU3125
IV	9450000	9460000	0	9455000	946	105	No	NA	CENTER	JU3125
IV	9460000	9470000	1	9465000	947	105	No	NA	CENTER	JU3125
IV	9470000	9480000	0	9475000	948	105	No	NA	CENTER	JU3125
IV	9480000	9490000	0	9485000	949	105	No	NA	CENTER	JU3125
IV	9490000	9500000	0	9495000	950	105	No	NA	CENTER	JU3125
IV	9500000	9510000	0	9505000	951	105	No	NA	CENTER	JU3125
IV	9510000	9520000	0	9515000	952	105	No	NA	CENTER	JU3125
IV	9520000	9530000	2	9525000	953	105	No	NA	CENTER	JU3125
IV	9530000	9540000	2	9535000	954	105	No	NA	CENTER	JU3125
IV	9540000	9550000	1	9545000	955	105	No	NA	CENTER	JU3125
IV	9550000	9560000	0	9555000	956	105	No	NA	CENTER	JU3125
IV	9560000	9570000	0	9565000	957	105	No	NA	CENTER	JU3125
IV	9570000	9580000	0	9575000	958	105	No	NA	CENTER	JU3125
IV	9580000	9590000	0	9585000	959	105	No	NA	CENTER	JU3125
IV	9590000	9600000	1	9595000	960	105	No	NA	CENTER	JU3125
IV	9600000	9610000	0	9605000	961	105	No	NA	CENTER	JU3125
IV	9610000	9620000	0	9615000	962	105	No	NA	CENTER	JU3125
IV	9620000	9630000	0	9625000	963	105	No	NA	CENTER	JU3125
IV	9630000	9640000	1	9635000	964	105	No	NA	CENTER	JU3125
IV	9640000	9650000	0	9645000	965	105	No	NA	CENTER	JU3125
IV	9650000	9660000	0	9655000	966	105	No	NA	CENTER	JU3125
IV	9660000	9670000	0	9665000	967	105	No	NA	CENTER	JU3125
IV	9670000	9680000	0	9675000	968	105	No	NA	CENTER	JU3125
IV	9680000	9690000	1	9685000	969	105	No	NA	CENTER	JU3125
IV	9690000	9700000	1	9695000	970	105	No	NA	CENTER	JU3125
IV	9700000	9710000	0	9705000	971	105	No	NA	CENTER	JU3125
IV	9710000	9720000	2	9715000	972	105	No	NA	CENTER	JU3125
IV	9720000	9730000	0	9725000	973	105	No	NA	CENTER	JU3125
IV	9730000	9740000	0	9735000	974	105	No	NA	CENTER	JU3125
IV	9740000	9750000	0	9745000	975	105	No	NA	CENTER	JU3125
IV	9750000	9760000	0	9755000	976	105	No	NA	CENTER	JU3125
IV	9760000	9770000	3	9765000	977	105	No	NA	CENTER	JU3125
IV	9770000	9780000	0	9775000	978	105	No	NA	CENTER	JU3125
IV	9780000	9790000	0	9785000	979	105	No	NA	CENTER	JU3125
IV	9790000	9800000	0	9795000	980	105	No	NA	CENTER	JU3125
IV	9800000	9810000	0	9805000	981	105	No	NA	CENTER	JU3125
IV	9810000	9820000	0	9815000	982	105	No	NA	CENTER	JU3125
IV	9820000	9830000	0	9825000	983	105	No	NA	CENTER	JU3125
IV	9830000	9840000	0	9835000	984	105	No	NA	CENTER	JU3125
IV	9840000	9850000	1	9845000	985	105	No	NA	CENTER	JU3125
IV	9850000	9860000	0	9855000	986	105	No	NA	CENTER	JU3125
IV	9860000	9870000	0	9865000	987	105	No	NA	CENTER	JU3125
IV	9870000	9880000	0	9875000	988	105	No	NA	CENTER	JU3125
IV	9880000	9890000	0	9885000	989	105	No	NA	CENTER	JU3125
IV	9890000	9900000	0	9895000	990	105	No	NA	CENTER	JU3125
IV	9900000	9910000	0	9905000	991	105	No	NA	CENTER	JU3125
IV	9910000	9920000	0	9915000	992	105	No	NA	CENTER	JU3125
IV	9920000	9930000	0	9925000	993	105	No	NA	CENTER	JU3125
IV	9930000	9940000	5	9935000	994	105	No	NA	CENTER	JU3125
IV	9940000	9950000	0	9945000	995	105	No	NA	CENTER	JU3125
IV	9950000	9960000	0	9955000	996	105	No	NA	CENTER	JU3125
IV	9960000	9970000	0	9965000	997	105	No	NA	CENTER	JU3125
IV	9970000	9980000	0	9975000	998	105	No	NA	CENTER	JU3125
IV	9980000	9990000	0	9985000	999	105	No	NA	CENTER	JU3125
IV	9990000	10000000	0	9995000	1000	105	No	NA	CENTER	JU3125
IV	10000000	10010000	1	10005000	1001	105	No	NA	CENTER	JU3125
IV	10010000	10020000	0	10015000	1002	105	No	NA	CENTER	JU3125
IV	10020000	10030000	0	10025000	1003	105	No	NA	CENTER	JU3125
IV	10030000	10040000	0	10035000	1004	105	No	NA	CENTER	JU3125
IV	10040000	10050000	1	10045000	1005	105	No	NA	CENTER	JU3125
IV	10050000	10060000	1	10055000	1006	105	No	NA	CENTER	JU3125
IV	10060000	10070000	2	10065000	1007	105	No	NA	CENTER	JU3125
IV	10070000	10080000	0	10075000	1008	105	No	NA	CENTER	JU3125
IV	10080000	10090000	1	10085000	1009	105	No	NA	CENTER	JU3125
IV	10090000	10100000	0	10095000	1010	105	No	NA	CENTER	JU3125
IV	10100000	10110000	1	10105000	1011	105	No	NA	CENTER	JU3125
IV	10110000	10120000	0	10115000	1012	105	No	NA	CENTER	JU3125
IV	10120000	10130000	0	10125000	1013	105	No	NA	CENTER	JU3125
IV	10130000	10140000	0	10135000	1014	105	No	NA	CENTER	JU3125
IV	10140000	10150000	0	10145000	1015	105	No	NA	CENTER	JU3125
IV	10150000	10160000	0	10155000	1016	105	No	NA	CENTER	JU3125
IV	10160000	10170000	0	10165000	1017	105	No	NA	CENTER	JU3125
IV	10170000	10180000	1	10175000	1018	105	No	NA	CENTER	JU3125
IV	10180000	10190000	0	10185000	1019	105	No	NA	CENTER	JU3125
IV	10190000	10200000	1	10195000	1020	105	No	NA	CENTER	JU3125
IV	10200000	10210000	0	10205000	1021	105	No	NA	CENTER	JU3125
IV	10210000	10220000	0	10215000	1022	105	No	NA	CENTER	JU3125
IV	10220000	10230000	0	10225000	1023	105	No	NA	CENTER	JU3125
IV	10230000	10240000	1	10235000	1024	105	No	NA	CENTER	JU3125
IV	10240000	10250000	0	10245000	1025	105	No	NA	CENTER	JU3125
IV	10250000	10260000	1	10255000	1026	105	No	NA	CENTER	JU3125
IV	10260000	10270000	0	10265000	1027	105	No	NA	CENTER	JU3125
IV	10270000	10280000	0	10275000	1028	105	No	NA	CENTER	JU3125
IV	10280000	10290000	0	10285000	1029	105	No	NA	CENTER	JU3125
IV	10290000	10300000	1	10295000	1030	105	No	NA	CENTER	JU3125
IV	10300000	10310000	0	10305000	1031	105	No	NA	CENTER	JU3125
IV	10310000	10320000	0	10315000	1032	105	No	NA	CENTER	JU3125
IV	10320000	10330000	1	10325000	1033	105	No	NA	CENTER	JU3125
IV	10330000	10340000	0	10335000	1034	105	No	NA	CENTER	JU3125
IV	10340000	10350000	0	10345000	1035	105	No	NA	CENTER	JU3125
IV	10350000	10360000	0	10355000	1036	105	No	NA	CENTER	JU3125
IV	10360000	10370000	0	10365000	1037	105	No	NA	CENTER	JU3125
IV	10370000	10380000	0	10375000	1038	105	No	NA	CENTER	JU3125
IV	10380000	10390000	0	10385000	1039	105	No	NA	CENTER	JU3125
IV	10390000	10400000	0	10395000	1040	105	No	NA	CENTER	JU3125
IV	10400000	10410000	0	10405000	1041	105	No	NA	CENTER	JU3125
IV	10410000	10420000	1	10415000	1042	105	No	NA	CENTER	JU3125
IV	10420000	10430000	0	10425000	1043	105	No	NA	CENTER	JU3125
IV	10430000	10440000	0	10435000	1044	105	No	NA	CENTER	JU3125
IV	10440000	10450000	0	10445000	1045	105	No	NA	CENTER	JU3125
IV	10450000	10460000	1	10455000	1046	105	No	NA	CENTER	JU3125
IV	10460000	10470000	0	10465000	1047	105	No	NA	CENTER	JU3125
IV	10470000	10480000	0	10475000	1048	105	No	NA	CENTER	JU3125
IV	10480000	10490000	0	10485000	1049	105	No	NA	CENTER	JU3125
IV	10490000	10500000	0	10495000	1050	105	No	NA	CENTER	JU3125
IV	10500000	10510000	0	10505000	1051	105	No	NA	CENTER	JU3125
IV	10510000	10520000	0	10515000	1052	105	No	NA	CENTER	JU3125
IV	10520000	10530000	1	10525000	1053	105	No	NA	CENTER	JU3125
IV	10530000	10540000	0	10535000	1054	105	No	NA	CENTER	JU3125
IV	10540000	10550000	0	10545000	1055	105	No	NA	CENTER	JU3125
IV	10550000	10560000	2	10555000	1056	105	No	NA	CENTER	JU3125
IV	10560000	10570000	0	10565000	1057	105	No	NA	CENTER	JU3125
IV	10570000	10580000	1	10575000	1058	105	No	NA	CENTER	JU3125
IV	10580000	10590000	0	10585000	1059	105	No	NA	CENTER	JU3125
IV	10590000	10600000	0	10595000	1060	105	No	NA	CENTER	JU3125
IV	10600000	10610000	0	10605000	1061	105	No	NA	CENTER	JU3125
IV	10610000	10620000	0	10615000	1062	105	No	NA	CENTER	JU3125
IV	10620000	10630000	0	10625000	1063	105	No	NA	CENTER	JU3125
IV	10630000	10640000	0	10635000	1064	105	No	NA	CENTER	JU3125
IV	10640000	10650000	0	10645000	1065	105	No	NA	CENTER	JU3125
IV	10650000	10660000	0	10655000	1066	105	No	NA	CENTER	JU3125
IV	10660000	10670000	0	10665000	1067	105	No	NA	CENTER	JU3125
IV	10670000	10680000	0	10675000	1068	105	No	NA	CENTER	JU3125
IV	10680000	10690000	1	10685000	1069	105	No	NA	CENTER	JU3125
IV	10690000	10700000	1	10695000	1070	105	No	NA	CENTER	JU3125
IV	10700000	10710000	3	10705000	1071	105	No	NA	CENTER	JU3125
IV	10710000	10720000	0	10715000	1072	105	No	NA	CENTER	JU3125
IV	10720000	10730000	0	10725000	1073	105	No	NA	CENTER	JU3125
IV	10730000	10740000	0	10735000	1074	105	No	NA	CENTER	JU3125
IV	10740000	10750000	0	10745000	1075	105	No	NA	CENTER	JU3125
IV	10750000	10760000	0	10755000	1076	105	No	NA	CENTER	JU3125
IV	10760000	10770000	1	10765000	1077	105	No	NA	CENTER	JU3125
IV	10770000	10780000	0	10775000	1078	105	No	NA	CENTER	JU3125
IV	10780000	10790000	0	10785000	1079	105	No	NA	CENTER	JU3125
IV	10790000	10800000	1	10795000	1080	105	No	NA	CENTER	JU3125
IV	10800000	10810000	0	10805000	1081	105	No	NA	CENTER	JU3125
IV	10810000	10820000	0	10815000	1082	105	No	NA	CENTER	JU3125
IV	10820000	10830000	1	10825000	1083	105	No	NA	CENTER	JU3125
IV	10830000	10840000	0	10835000	1084	105	No	NA	CENTER	JU3125
IV	10840000	10850000	0	10845000	1085	105	No	NA	CENTER	JU3125
IV	10850000	10860000	2	10855000	1086	105	No	NA	CENTER	JU3125
IV	10860000	10870000	1	10865000	1087	105	No	NA	CENTER	JU3125
IV	10870000	10880000	0	10875000	1088	105	No	NA	CENTER	JU3125
IV	10880000	10890000	0	10885000	1089	105	No	NA	CENTER	JU3125
IV	10890000	10900000	1	10895000	1090	105	No	NA	CENTER	JU3125
IV	10900000	10910000	0	10905000	1091	105	No	NA	CENTER	JU3125
IV	10910000	10920000	0	10915000	1092	105	No	NA	CENTER	JU3125
IV	10920000	10930000	0	10925000	1093	105	No	NA	CENTER	JU3125
IV	10930000	10940000	0	10935000	1094	105	No	NA	CENTER	JU3125
IV	10940000	10950000	22	10945000	1095	63	Yes	Up	CENTER	JU3125
IV	10950000	10960000	23	10955000	1096	59	Yes	Up	CENTER	JU3125
IV	10960000	10970000	1	10965000	1097	105	No	NA	CENTER	JU3125
IV	10970000	10980000	0	10975000	1098	105	No	NA	CENTER	JU3125
IV	10980000	10990000	3	10985000	1099	105	No	NA	CENTER	JU3125
IV	10990000	11000000	3	10995000	1100	105	No	NA	CENTER	JU3125
IV	11000000	11010000	0	11005000	1101	105	No	NA	CENTER	JU3125
IV	11010000	11020000	0	11015000	1102	105	No	NA	CENTER	JU3125
IV	11020000	11030000	0	11025000	1103	105	No	NA	CENTER	JU3125
IV	11030000	11040000	2	11035000	1104	105	No	NA	CENTER	JU3125
IV	11040000	11050000	0	11045000	1105	105	No	NA	CENTER	JU3125
IV	11050000	11060000	2	11055000	1106	105	No	NA	CENTER	JU3125
IV	11060000	11070000	0	11065000	1107	105	No	NA	CENTER	JU3125
IV	11070000	11080000	18	11075000	1108	77	Yes	Up	CENTER	JU3125
IV	11080000	11090000	0	11085000	1109	105	No	NA	CENTER	JU3125
IV	11090000	11100000	0	11095000	1110	105	No	NA	CENTER	JU3125
IV	11100000	11110000	1	11105000	1111	105	No	NA	CENTER	JU3125
IV	11110000	11120000	0	11115000	1112	105	No	NA	CENTER	JU3125
IV	11120000	11130000	0	11125000	1113	105	No	NA	CENTER	JU3125
IV	11130000	11140000	0	11135000	1114	105	No	NA	CENTER	JU3125
IV	11140000	11150000	1	11145000	1115	105	No	NA	CENTER	JU3125
IV	11150000	11160000	0	11155000	1116	105	No	NA	CENTER	JU3125
IV	11160000	11170000	1	11165000	1117	105	No	NA	CENTER	JU3125
IV	11170000	11180000	1	11175000	1118	105	No	NA	CENTER	JU3125
IV	11180000	11190000	0	11185000	1119	105	No	NA	CENTER	JU3125
IV	11190000	11200000	0	11195000	1120	105	No	NA	CENTER	JU3125
IV	11200000	11210000	2	11205000	1121	105	No	NA	CENTER	JU3125
IV	11210000	11220000	0	11215000	1122	105	No	NA	CENTER	JU3125
IV	11220000	11230000	1	11225000	1123	105	No	NA	CENTER	JU3125
IV	11230000	11240000	0	11235000	1124	105	No	NA	CENTER	JU3125
IV	11240000	11250000	0	11245000	1125	105	No	NA	CENTER	JU3125
IV	11250000	11260000	0	11255000	1126	105	No	NA	CENTER	JU3125
IV	11260000	11270000	0	11265000	1127	105	No	NA	CENTER	JU3125
IV	11270000	11280000	0	11275000	1128	105	No	NA	CENTER	JU3125
IV	11280000	11290000	0	11285000	1129	105	No	NA	CENTER	JU3125
IV	11290000	11300000	0	11295000	1130	105	No	NA	CENTER	JU3125
IV	11300000	11310000	0	11305000	1131	105	No	NA	CENTER	JU3125
IV	11310000	11320000	0	11315000	1132	105	No	NA	CENTER	JU3125
IV	11320000	11330000	2	11325000	1133	105	No	NA	CENTER	JU3125
IV	11330000	11340000	0	11335000	1134	105	No	NA	CENTER	JU3125
IV	11340000	11350000	0	11345000	1135	105	No	NA	CENTER	JU3125
IV	11350000	11360000	0	11355000	1136	105	No	NA	CENTER	JU3125
IV	11360000	11370000	0	11365000	1137	105	No	NA	CENTER	JU3125
IV	11370000	11380000	0	11375000	1138	105	No	NA	CENTER	JU3125
IV	11380000	11390000	1	11385000	1139	105	No	NA	CENTER	JU3125
IV	11390000	11400000	0	11395000	1140	105	No	NA	CENTER	JU3125
IV	11400000	11410000	0	11405000	1141	105	No	NA	CENTER	JU3125
IV	11410000	11420000	1	11415000	1142	105	No	NA	CENTER	JU3125
IV	11420000	11430000	1	11425000	1143	105	No	NA	CENTER	JU3125
IV	11430000	11440000	1	11435000	1144	105	No	NA	CENTER	JU3125
IV	11440000	11450000	0	11445000	1145	105	No	NA	CENTER	JU3125
IV	11450000	11460000	0	11455000	1146	105	No	NA	CENTER	JU3125
IV	11460000	11470000	0	11465000	1147	105	No	NA	CENTER	JU3125
IV	11470000	11480000	1	11475000	1148	105	No	NA	CENTER	JU3125
IV	11480000	11490000	0	11485000	1149	105	No	NA	CENTER	JU3125
IV	11490000	11500000	1	11495000	1150	105	No	NA	CENTER	JU3125
IV	11500000	11510000	1	11505000	1151	105	No	NA	CENTER	JU3125
IV	11510000	11520000	0	11515000	1152	105	No	NA	CENTER	JU3125
IV	11520000	11530000	1	11525000	1153	105	No	NA	CENTER	JU3125
IV	11530000	11540000	0	11535000	1154	105	No	NA	CENTER	JU3125
IV	11540000	11550000	0	11545000	1155	105	No	NA	CENTER	JU3125
IV	11550000	11560000	1	11555000	1156	105	No	NA	CENTER	JU3125
IV	11560000	11570000	0	11565000	1157	105	No	NA	CENTER	JU3125
IV	11570000	11580000	0	11575000	1158	105	No	NA	CENTER	JU3125
IV	11580000	11590000	0	11585000	1159	105	No	NA	CENTER	JU3125
IV	11590000	11600000	1	11595000	1160	105	No	NA	CENTER	JU3125
IV	11600000	11610000	0	11605000	1161	105	No	NA	CENTER	JU3125
IV	11610000	11620000	8	11615000	1162	105	No	NA	CENTER	JU3125
IV	11620000	11630000	0	11625000	1163	105	No	NA	CENTER	JU3125
IV	11630000	11640000	0	11635000	1164	105	No	NA	CENTER	JU3125
IV	11640000	11650000	0	11645000	1165	105	No	NA	CENTER	JU3125
IV	11650000	11660000	0	11655000	1166	105	No	NA	CENTER	JU3125
IV	11660000	11670000	0	11665000	1167	105	No	NA	CENTER	JU3125
IV	11670000	11680000	0	11675000	1168	105	No	NA	CENTER	JU3125
IV	11680000	11690000	0	11685000	1169	105	No	NA	CENTER	JU3125
IV	11690000	11700000	0	11695000	1170	105	No	NA	CENTER	JU3125
IV	11700000	11710000	0	11705000	1171	105	No	NA	CENTER	JU3125
IV	11710000	11720000	0	11715000	1172	105	No	NA	CENTER	JU3125
IV	11720000	11730000	0	11725000	1173	105	No	NA	CENTER	JU3125
IV	11730000	11740000	0	11735000	1174	105	No	NA	CENTER	JU3125
IV	11740000	11750000	0	11745000	1175	105	No	NA	CENTER	JU3125
IV	11750000	11760000	0	11755000	1176	105	No	NA	CENTER	JU3125
IV	11760000	11770000	0	11765000	1177	105	No	NA	CENTER	JU3125
IV	11770000	11780000	1	11775000	1178	105	No	NA	CENTER	JU3125
IV	11780000	11790000	0	11785000	1179	105	No	NA	CENTER	JU3125
IV	11790000	11800000	0	11795000	1180	105	No	NA	CENTER	JU3125
IV	11800000	11810000	0	11805000	1181	105	No	NA	CENTER	JU3125
IV	11810000	11820000	2	11815000	1182	105	No	NA	CENTER	JU3125
IV	11820000	11830000	1	11825000	1183	105	No	NA	CENTER	JU3125
IV	11830000	11840000	0	11835000	1184	105	No	NA	CENTER	JU3125
IV	11840000	11850000	0	11845000	1185	105	No	NA	CENTER	JU3125
IV	11850000	11860000	0	11855000	1186	105	No	NA	CENTER	JU3125
IV	11860000	11870000	0	11865000	1187	105	No	NA	CENTER	JU3125
IV	11870000	11880000	0	11875000	1188	105	No	NA	CENTER	JU3125
IV	11880000	11890000	0	11885000	1189	105	No	NA	CENTER	JU3125
IV	11890000	11900000	0	11895000	1190	105	No	NA	CENTER	JU3125
IV	11900000	11910000	0	11905000	1191	105	No	NA	CENTER	JU3125
IV	11910000	11920000	0	11915000	1192	105	No	NA	CENTER	JU3125
IV	11920000	11930000	0	11925000	1193	105	No	NA	CENTER	JU3125
IV	11930000	11940000	2	11935000	1194	105	No	NA	CENTER	JU3125
IV	11940000	11950000	0	11945000	1195	105	No	NA	CENTER	JU3125
IV	11950000	11960000	0	11955000	1196	105	No	NA	CENTER	JU3125
IV	11960000	11970000	0	11965000	1197	105	No	NA	CENTER	JU3125
IV	11970000	11980000	0	11975000	1198	105	No	NA	CENTER	JU3125
IV	11980000	11990000	0	11985000	1199	105	No	NA	CENTER	JU3125
IV	11990000	12000000	0	11995000	1200	105	No	NA	CENTER	JU3125
IV	12000000	12010000	0	12005000	1201	105	No	NA	CENTER	JU3125
IV	12010000	12020000	1	12015000	1202	105	No	NA	CENTER	JU3125
IV	12020000	12030000	0	12025000	1203	105	No	NA	CENTER	JU3125
IV	12030000	12040000	0	12035000	1204	105	No	NA	CENTER	JU3125
IV	12040000	12050000	0	12045000	1205	105	No	NA	CENTER	JU3125
IV	12050000	12060000	0	12055000	1206	105	No	NA	CENTER	JU3125
IV	12060000	12070000	0	12065000	1207	105	No	NA	CENTER	JU3125
IV	12070000	12080000	0	12075000	1208	105	No	NA	CENTER	JU3125
IV	12080000	12090000	0	12085000	1209	105	No	NA	CENTER	JU3125
IV	12090000	12100000	0	12095000	1210	105	No	NA	CENTER	JU3125
IV	12100000	12110000	1	12105000	1211	105	No	NA	CENTER	JU3125
IV	12110000	12120000	0	12115000	1212	105	No	NA	CENTER	JU3125
IV	12120000	12130000	0	12125000	1213	105	No	NA	CENTER	JU3125
IV	12130000	12140000	0	12135000	1214	105	No	NA	CENTER	JU3125
IV	12140000	12150000	0	12145000	1215	105	No	NA	CENTER	JU3125
IV	12150000	12160000	0	12155000	1216	105	No	NA	CENTER	JU3125
IV	12160000	12170000	1	12165000	1217	105	No	NA	CENTER	JU3125
IV	12170000	12180000	0	12175000	1218	105	No	NA	CENTER	JU3125
IV	12180000	12190000	0	12185000	1219	105	No	NA	CENTER	JU3125
IV	12190000	12200000	0	12195000	1220	105	No	NA	CENTER	JU3125
IV	12200000	12210000	0	12205000	1221	105	No	NA	CENTER	JU3125
IV	12210000	12220000	1	12215000	1222	105	No	NA	CENTER	JU3125
IV	12220000	12230000	0	12225000	1223	105	No	NA	CENTER	JU3125
IV	12230000	12240000	2	12235000	1224	105	No	NA	CENTER	JU3125
IV	12240000	12250000	1	12245000	1225	105	No	NA	CENTER	JU3125
IV	12250000	12260000	1	12255000	1226	105	No	NA	CENTER	JU3125
IV	12260000	12270000	0	12265000	1227	105	No	NA	CENTER	JU3125
IV	12270000	12280000	0	12275000	1228	105	No	NA	CENTER	JU3125
IV	12280000	12290000	0	12285000	1229	105	No	NA	CENTER	JU3125
IV	12290000	12300000	0	12295000	1230	105	No	NA	CENTER	JU3125
IV	12300000	12310000	0	12305000	1231	105	No	NA	CENTER	JU3125
IV	12310000	12320000	6	12315000	1232	105	No	NA	CENTER	JU3125
IV	12320000	12330000	3	12325000	1233	105	No	NA	CENTER	JU3125
IV	12330000	12340000	1	12335000	1234	105	No	NA	CENTER	JU3125
IV	12340000	12350000	0	12345000	1235	105	No	NA	CENTER	JU3125
IV	12350000	12360000	1	12355000	1236	105	No	NA	CENTER	JU3125
IV	12360000	12370000	0	12365000	1237	105	No	NA	CENTER	JU3125
IV	12370000	12380000	0	12375000	1238	105	No	NA	CENTER	JU3125
IV	12380000	12390000	0	12385000	1239	105	No	NA	CENTER	JU3125
IV	12390000	12400000	2	12395000	1240	105	No	NA	CENTER	JU3125
IV	12400000	12410000	0	12405000	1241	105	No	NA	CENTER	JU3125
IV	12410000	12420000	0	12415000	1242	105	No	NA	CENTER	JU3125
IV	12420000	12430000	0	12425000	1243	105	No	NA	CENTER	JU3125
IV	12430000	12440000	2	12435000	1244	105	No	NA	CENTER	JU3125
IV	12440000	12450000	0	12445000	1245	105	No	NA	CENTER	JU3125
IV	12450000	12460000	1	12455000	1246	105	No	NA	CENTER	JU3125
IV	12460000	12470000	0	12465000	1247	105	No	NA	CENTER	JU3125
IV	12470000	12480000	0	12475000	1248	105	No	NA	CENTER	JU3125
IV	12480000	12490000	0	12485000	1249	105	No	NA	CENTER	JU3125
IV	12490000	12500000	0	12495000	1250	105	No	NA	CENTER	JU3125
IV	12500000	12510000	1	12505000	1251	105	No	NA	CENTER	JU3125
IV	12510000	12520000	1	12515000	1252	105	No	NA	CENTER	JU3125
IV	12520000	12530000	0	12525000	1253	105	No	NA	CENTER	JU3125
IV	12530000	12540000	1	12535000	1254	105	No	NA	CENTER	JU3125
IV	12540000	12550000	2	12545000	1255	105	No	NA	CENTER	JU3125
IV	12550000	12560000	2	12555000	1256	105	No	NA	CENTER	JU3125
IV	12560000	12570000	0	12565000	1257	105	No	NA	CENTER	JU3125
IV	12570000	12580000	0	12575000	1258	105	No	NA	CENTER	JU3125
IV	12580000	12590000	0	12585000	1259	105	No	NA	CENTER	JU3125
IV	12590000	12600000	1	12595000	1260	105	No	NA	CENTER	JU3125
IV	12600000	12610000	1	12605000	1261	105	No	NA	CENTER	JU3125
IV	12610000	12620000	1	12615000	1262	105	No	NA	CENTER	JU3125
IV	12620000	12630000	1	12625000	1263	105	No	NA	CENTER	JU3125
IV	12630000	12640000	0	12635000	1264	105	No	NA	CENTER	JU3125
IV	12640000	12650000	0	12645000	1265	105	No	NA	CENTER	JU3125
IV	12650000	12660000	0	12655000	1266	105	No	NA	CENTER	JU3125
IV	12660000	12670000	0	12665000	1267	105	No	NA	CENTER	JU3125
IV	12670000	12680000	0	12675000	1268	105	No	NA	CENTER	JU3125
IV	12680000	12690000	1	12685000	1269	105	No	NA	CENTER	JU3125
IV	12690000	12700000	2	12695000	1270	105	No	NA	CENTER	JU3125
IV	12700000	12710000	0	12705000	1271	105	No	NA	CENTER	JU3125
IV	12710000	12720000	1	12715000	1272	105	No	NA	CENTER	JU3125
IV	12720000	12730000	0	12725000	1273	105	No	NA	CENTER	JU3125
IV	12730000	12740000	6	12735000	1274	105	No	NA	CENTER	JU3125
IV	12740000	12750000	1	12745000	1275	105	No	NA	CENTER	JU3125
IV	12750000	12760000	0	12755000	1276	105	No	NA	CENTER	JU3125
IV	12760000	12770000	0	12765000	1277	105	No	NA	CENTER	JU3125
IV	12770000	12780000	1	12775000	1278	105	No	NA	CENTER	JU3125
IV	12780000	12790000	1	12785000	1279	105	No	NA	CENTER	JU3125
IV	12790000	12800000	0	12795000	1280	105	No	NA	CENTER	JU3125
IV	12800000	12810000	1	12805000	1281	105	No	NA	CENTER	JU3125
IV	12810000	12820000	0	12815000	1282	105	No	NA	CENTER	JU3125
IV	12820000	12830000	0	12825000	1283	105	No	NA	CENTER	JU3125
IV	12830000	12840000	1	12835000	1284	105	No	NA	CENTER	JU3125
IV	12840000	12850000	0	12845000	1285	105	No	NA	CENTER	JU3125
IV	12850000	12860000	0	12855000	1286	105	No	NA	CENTER	JU3125
IV	12860000	12870000	0	12865000	1287	105	No	NA	CENTER	JU3125
IV	12870000	12880000	23	12875000	1288	58	Yes	Up	CENTER	JU3125
IV	12880000	12890000	1	12885000	1289	105	No	NA	CENTER	JU3125
IV	12890000	12900000	0	12895000	1290	105	No	NA	CENTER	JU3125
IV	12900000	12910000	0	12905000	1291	105	No	NA	CENTER	JU3125
IV	12910000	12920000	0	12915000	1292	105	No	NA	CENTER	JU3125
IV	12920000	12930000	1	12925000	1293	105	No	NA	CENTER	JU3125
IV	12930000	12940000	0	12935000	1294	105	No	NA	CENTER	JU3125
IV	12940000	12950000	0	12945000	1295	105	No	NA	CENTER	JU3125
IV	12950000	12960000	0	12955000	1296	105	No	NA	CENTER	JU3125
IV	12960000	12970000	0	12965000	1297	105	No	NA	CENTER	JU3125
IV	12970000	12980000	0	12975000	1298	105	No	NA	RIGHT_ARM	JU3125
IV	12980000	12990000	0	12985000	1299	105	No	NA	RIGHT_ARM	JU3125
IV	12990000	13000000	1	12995000	1300	105	No	NA	RIGHT_ARM	JU3125
IV	13000000	13010000	1	13005000	1301	105	No	NA	RIGHT_ARM	JU3125
IV	13010000	13020000	0	13015000	1302	105	No	NA	RIGHT_ARM	JU3125
IV	13020000	13030000	1	13025000	1303	105	No	NA	RIGHT_ARM	JU3125
IV	13030000	13040000	0	13035000	1304	105	No	NA	RIGHT_ARM	JU3125
IV	13040000	13050000	1	13045000	1305	105	No	NA	RIGHT_ARM	JU3125
IV	13050000	13060000	0	13055000	1306	105	No	NA	RIGHT_ARM	JU3125
IV	13060000	13070000	0	13065000	1307	105	No	NA	RIGHT_ARM	JU3125
IV	13070000	13080000	0	13075000	1308	105	No	NA	RIGHT_ARM	JU3125
IV	13080000	13090000	0	13085000	1309	105	No	NA	RIGHT_ARM	JU3125
IV	13090000	13100000	1	13095000	1310	105	No	NA	RIGHT_ARM	JU3125
IV	13100000	13110000	0	13105000	1311	105	No	NA	RIGHT_ARM	JU3125
IV	13110000	13120000	0	13115000	1312	105	No	NA	RIGHT_ARM	JU3125
IV	13120000	13130000	0	13125000	1313	105	No	NA	RIGHT_ARM	JU3125
IV	13130000	13140000	0	13135000	1314	105	No	NA	RIGHT_ARM	JU3125
IV	13140000	13150000	0	13145000	1315	105	No	NA	RIGHT_ARM	JU3125
IV	13150000	13160000	0	13155000	1316	105	No	NA	RIGHT_ARM	JU3125
IV	13160000	13170000	2	13165000	1317	105	No	NA	RIGHT_ARM	JU3125
IV	13170000	13180000	0	13175000	1318	105	No	NA	RIGHT_ARM	JU3125
IV	13180000	13190000	0	13185000	1319	105	No	NA	RIGHT_ARM	JU3125
IV	13190000	13200000	0	13195000	1320	105	No	NA	RIGHT_ARM	JU3125
IV	13200000	13210000	1	13205000	1321	105	No	NA	RIGHT_ARM	JU3125
IV	13210000	13220000	1	13215000	1322	105	No	NA	RIGHT_ARM	JU3125
IV	13220000	13230000	0	13225000	1323	105	No	NA	RIGHT_ARM	JU3125
IV	13230000	13240000	0	13235000	1324	105	No	NA	RIGHT_ARM	JU3125
IV	13240000	13250000	0	13245000	1325	105	No	NA	RIGHT_ARM	JU3125
IV	13250000	13260000	1	13255000	1326	105	No	NA	RIGHT_ARM	JU3125
IV	13260000	13270000	0	13265000	1327	105	No	NA	RIGHT_ARM	JU3125
IV	13270000	13280000	1	13275000	1328	105	No	NA	RIGHT_ARM	JU3125
IV	13280000	13290000	0	13285000	1329	105	No	NA	RIGHT_ARM	JU3125
IV	13290000	13300000	0	13295000	1330	105	No	NA	RIGHT_ARM	JU3125
IV	13300000	13310000	0	13305000	1331	105	No	NA	RIGHT_ARM	JU3125
IV	13310000	13320000	0	13315000	1332	105	No	NA	RIGHT_ARM	JU3125
IV	13320000	13330000	0	13325000	1333	105	No	NA	RIGHT_ARM	JU3125
IV	13330000	13340000	1	13335000	1334	105	No	NA	RIGHT_ARM	JU3125
IV	13340000	13350000	1	13345000	1335	105	No	NA	RIGHT_ARM	JU3125
IV	13350000	13360000	0	13355000	1336	105	No	NA	RIGHT_ARM	JU3125
IV	13360000	13370000	4	13365000	1337	105	No	NA	RIGHT_ARM	JU3125
IV	13370000	13380000	1	13375000	1338	105	No	NA	RIGHT_ARM	JU3125
IV	13380000	13390000	1	13385000	1339	105	No	NA	RIGHT_ARM	JU3125
IV	13390000	13400000	0	13395000	1340	105	No	NA	RIGHT_ARM	JU3125
IV	13400000	13410000	0	13405000	1341	105	No	NA	RIGHT_ARM	JU3125
IV	13410000	13420000	0	13415000	1342	105	No	NA	RIGHT_ARM	JU3125
IV	13420000	13430000	0	13425000	1343	105	No	NA	RIGHT_ARM	JU3125
IV	13430000	13440000	0	13435000	1344	105	No	NA	RIGHT_ARM	JU3125
IV	13440000	13450000	1	13445000	1345	105	No	NA	RIGHT_ARM	JU3125
IV	13450000	13460000	2	13455000	1346	105	No	NA	RIGHT_ARM	JU3125
IV	13460000	13470000	3	13465000	1347	105	No	NA	RIGHT_ARM	JU3125
IV	13470000	13480000	1	13475000	1348	105	No	NA	RIGHT_ARM	JU3125
IV	13480000	13490000	0	13485000	1349	105	No	NA	RIGHT_ARM	JU3125
IV	13490000	13500000	2	13495000	1350	105	No	NA	RIGHT_ARM	JU3125
IV	13500000	13510000	18	13505000	1351	74	Yes	Up	RIGHT_ARM	JU3125
IV	13510000	13520000	2	13515000	1352	105	No	NA	RIGHT_ARM	JU3125
IV	13520000	13530000	0	13525000	1353	105	No	NA	RIGHT_ARM	JU3125
IV	13530000	13540000	0	13535000	1354	105	No	NA	RIGHT_ARM	JU3125
IV	13540000	13550000	2	13545000	1355	105	No	NA	RIGHT_ARM	JU3125
IV	13550000	13560000	0	13555000	1356	105	No	NA	RIGHT_ARM	JU3125
IV	13560000	13570000	0	13565000	1357	105	No	NA	RIGHT_ARM	JU3125
IV	13570000	13580000	1	13575000	1358	105	No	NA	RIGHT_ARM	JU3125
IV	13580000	13590000	1	13585000	1359	105	No	NA	RIGHT_ARM	JU3125
IV	13590000	13600000	1	13595000	1360	105	No	NA	RIGHT_ARM	JU3125
IV	13600000	13610000	1	13605000	1361	105	No	NA	RIGHT_ARM	JU3125
IV	13610000	13620000	0	13615000	1362	105	No	NA	RIGHT_ARM	JU3125
IV	13620000	13630000	0	13625000	1363	105	No	NA	RIGHT_ARM	JU3125
IV	13630000	13640000	0	13635000	1364	105	No	NA	RIGHT_ARM	JU3125
IV	13640000	13650000	0	13645000	1365	105	No	NA	RIGHT_ARM	JU3125
IV	13650000	13660000	1	13655000	1366	105	No	NA	RIGHT_ARM	JU3125
IV	13660000	13670000	0	13665000	1367	105	No	NA	RIGHT_ARM	JU3125
IV	13670000	13680000	1	13675000	1368	105	No	NA	RIGHT_ARM	JU3125
IV	13680000	13690000	0	13685000	1369	105	No	NA	RIGHT_ARM	JU3125
IV	13690000	13700000	1	13695000	1370	105	No	NA	RIGHT_ARM	JU3125
IV	13700000	13710000	1	13705000	1371	105	No	NA	RIGHT_ARM	JU3125
IV	13710000	13720000	0	13715000	1372	105	No	NA	RIGHT_ARM	JU3125
IV	13720000	13730000	0	13725000	1373	105	No	NA	RIGHT_ARM	JU3125
IV	13730000	13740000	0	13735000	1374	105	No	NA	RIGHT_ARM	JU3125
IV	13740000	13750000	2	13745000	1375	105	No	NA	RIGHT_ARM	JU3125
IV	13750000	13760000	0	13755000	1376	105	No	NA	RIGHT_ARM	JU3125
IV	13760000	13770000	4	13765000	1377	105	No	NA	RIGHT_ARM	JU3125
IV	13770000	13780000	0	13775000	1378	105	No	NA	RIGHT_ARM	JU3125
IV	13780000	13790000	0	13785000	1379	105	No	NA	RIGHT_ARM	JU3125
IV	13790000	13800000	1	13795000	1380	105	No	NA	RIGHT_ARM	JU3125
IV	13800000	13810000	0	13805000	1381	105	No	NA	RIGHT_ARM	JU3125
IV	13810000	13820000	1	13815000	1382	105	No	NA	RIGHT_ARM	JU3125
IV	13820000	13830000	1	13825000	1383	105	No	NA	RIGHT_ARM	JU3125
IV	13830000	13840000	2	13835000	1384	105	No	NA	RIGHT_ARM	JU3125
IV	13840000	13850000	6	13845000	1385	105	No	NA	RIGHT_ARM	JU3125
IV	13850000	13860000	0	13855000	1386	105	No	NA	RIGHT_ARM	JU3125
IV	13860000	13870000	1	13865000	1387	105	No	NA	RIGHT_ARM	JU3125
IV	13870000	13880000	1	13875000	1388	105	No	NA	RIGHT_ARM	JU3125
IV	13880000	13890000	1	13885000	1389	105	No	NA	RIGHT_ARM	JU3125
IV	13890000	13900000	2	13895000	1390	105	No	NA	RIGHT_ARM	JU3125
IV	13900000	13910000	1	13905000	1391	105	No	NA	RIGHT_ARM	JU3125
IV	13910000	13920000	1	13915000	1392	105	No	NA	RIGHT_ARM	JU3125
IV	13920000	13930000	4	13925000	1393	105	No	NA	RIGHT_ARM	JU3125
IV	13930000	13940000	1	13935000	1394	105	No	NA	RIGHT_ARM	JU3125
IV	13940000	13950000	0	13945000	1395	105	No	NA	RIGHT_ARM	JU3125
IV	13950000	13960000	0	13955000	1396	105	No	NA	RIGHT_ARM	JU3125
IV	13960000	13970000	1	13965000	1397	105	No	NA	RIGHT_ARM	JU3125
IV	13970000	13980000	0	13975000	1398	105	No	NA	RIGHT_ARM	JU3125
IV	13980000	13990000	0	13985000	1399	105	No	NA	RIGHT_ARM	JU3125
IV	13990000	14000000	0	13995000	1400	105	No	NA	RIGHT_ARM	JU3125
IV	14000000	14010000	0	14005000	1401	105	No	NA	RIGHT_ARM	JU3125
IV	14010000	14020000	0	14015000	1402	105	No	NA	RIGHT_ARM	JU3125
IV	14020000	14030000	1	14025000	1403	105	No	NA	RIGHT_ARM	JU3125
IV	14030000	14040000	0	14035000	1404	105	No	NA	RIGHT_ARM	JU3125
IV	14040000	14050000	0	14045000	1405	105	No	NA	RIGHT_ARM	JU3125
IV	14050000	14060000	3	14055000	1406	105	No	NA	RIGHT_ARM	JU3125
IV	14060000	14070000	0	14065000	1407	105	No	NA	RIGHT_ARM	JU3125
IV	14070000	14080000	0	14075000	1408	105	No	NA	RIGHT_ARM	JU3125
IV	14080000	14090000	0	14085000	1409	105	No	NA	RIGHT_ARM	JU3125
IV	14090000	14100000	0	14095000	1410	105	No	NA	RIGHT_ARM	JU3125
IV	14100000	14110000	0	14105000	1411	105	No	NA	RIGHT_ARM	JU3125
IV	14110000	14120000	0	14115000	1412	105	No	NA	RIGHT_ARM	JU3125
IV	14120000	14130000	0	14125000	1413	105	No	NA	RIGHT_ARM	JU3125
IV	14130000	14140000	0	14135000	1414	105	No	NA	RIGHT_ARM	JU3125
IV	14140000	14150000	2	14145000	1415	105	No	NA	RIGHT_ARM	JU3125
IV	14150000	14160000	0	14155000	1416	105	No	NA	RIGHT_ARM	JU3125
IV	14160000	14170000	0	14165000	1417	105	No	NA	RIGHT_ARM	JU3125
IV	14170000	14180000	0	14175000	1418	105	No	NA	RIGHT_ARM	JU3125
IV	14180000	14190000	1	14185000	1419	105	No	NA	RIGHT_ARM	JU3125
IV	14190000	14200000	0	14195000	1420	105	No	NA	RIGHT_ARM	JU3125
IV	14200000	14210000	3	14205000	1421	105	No	NA	RIGHT_ARM	JU3125
IV	14210000	14220000	0	14215000	1422	105	No	NA	RIGHT_ARM	JU3125
IV	14220000	14230000	0	14225000	1423	105	No	NA	RIGHT_ARM	JU3125
IV	14230000	14240000	0	14235000	1424	105	No	NA	RIGHT_ARM	JU3125
IV	14240000	14250000	0	14245000	1425	105	No	NA	RIGHT_ARM	JU3125
IV	14250000	14260000	0	14255000	1426	105	No	NA	RIGHT_ARM	JU3125
IV	14260000	14270000	0	14265000	1427	105	No	NA	RIGHT_ARM	JU3125
IV	14270000	14280000	1	14275000	1428	105	No	NA	RIGHT_ARM	JU3125
IV	14280000	14290000	0	14285000	1429	105	No	NA	RIGHT_ARM	JU3125
IV	14290000	14300000	0	14295000	1430	105	No	NA	RIGHT_ARM	JU3125
IV	14300000	14310000	0	14305000	1431	105	No	NA	RIGHT_ARM	JU3125
IV	14310000	14320000	0	14315000	1432	105	No	NA	RIGHT_ARM	JU3125
IV	14320000	14330000	0	14325000	1433	105	No	NA	RIGHT_ARM	JU3125
IV	14330000	14340000	0	14335000	1434	105	No	NA	RIGHT_ARM	JU3125
IV	14340000	14350000	1	14345000	1435	105	No	NA	RIGHT_ARM	JU3125
IV	14350000	14360000	0	14355000	1436	105	No	NA	RIGHT_ARM	JU3125
IV	14360000	14370000	0	14365000	1437	105	No	NA	RIGHT_ARM	JU3125
IV	14370000	14380000	0	14375000	1438	105	No	NA	RIGHT_ARM	JU3125
IV	14380000	14390000	1	14385000	1439	105	No	NA	RIGHT_ARM	JU3125
IV	14390000	14400000	0	14395000	1440	105	No	NA	RIGHT_ARM	JU3125
IV	14400000	14410000	0	14405000	1441	105	No	NA	RIGHT_ARM	JU3125
IV	14410000	14420000	0	14415000	1442	105	No	NA	RIGHT_ARM	JU3125
IV	14420000	14430000	1	14425000	1443	105	No	NA	RIGHT_ARM	JU3125
IV	14430000	14440000	0	14435000	1444	105	No	NA	RIGHT_ARM	JU3125
IV	14440000	14450000	1	14445000	1445	105	No	NA	RIGHT_ARM	JU3125
IV	14450000	14460000	0	14455000	1446	105	No	NA	RIGHT_ARM	JU3125
IV	14460000	14470000	0	14465000	1447	105	No	NA	RIGHT_ARM	JU3125
IV	14470000	14480000	0	14475000	1448	105	No	NA	RIGHT_ARM	JU3125
IV	14480000	14490000	1	14485000	1449	105	No	NA	RIGHT_ARM	JU3125
IV	14490000	14500000	0	14495000	1450	105	No	NA	RIGHT_ARM	JU3125
IV	14500000	14510000	1	14505000	1451	105	No	NA	RIGHT_ARM	JU3125
IV	14510000	14520000	0	14515000	1452	105	No	NA	RIGHT_ARM	JU3125
IV	14520000	14530000	2	14525000	1453	105	No	NA	RIGHT_ARM	JU3125
IV	14530000	14540000	0	14535000	1454	105	No	NA	RIGHT_ARM	JU3125
IV	14540000	14550000	0	14545000	1455	105	No	NA	RIGHT_ARM	JU3125
IV	14550000	14560000	0	14555000	1456	105	No	NA	RIGHT_ARM	JU3125
IV	14560000	14570000	2	14565000	1457	105	No	NA	RIGHT_ARM	JU3125
IV	14570000	14580000	0	14575000	1458	105	No	NA	RIGHT_ARM	JU3125
IV	14580000	14590000	1	14585000	1459	105	No	NA	RIGHT_ARM	JU3125
IV	14590000	14600000	1	14595000	1460	105	No	NA	RIGHT_ARM	JU3125
IV	14600000	14610000	0	14605000	1461	105	No	NA	RIGHT_ARM	JU3125
IV	14610000	14620000	0	14615000	1462	105	No	NA	RIGHT_ARM	JU3125
IV	14620000	14630000	0	14625000	1463	105	No	NA	RIGHT_ARM	JU3125
IV	14630000	14640000	0	14635000	1464	105	No	NA	RIGHT_ARM	JU3125
IV	14640000	14650000	0	14645000	1465	105	No	NA	RIGHT_ARM	JU3125
IV	14650000	14660000	0	14655000	1466	105	No	NA	RIGHT_ARM	JU3125
IV	14660000	14670000	0	14665000	1467	105	No	NA	RIGHT_ARM	JU3125
IV	14670000	14680000	0	14675000	1468	105	No	NA	RIGHT_ARM	JU3125
IV	14680000	14690000	0	14685000	1469	105	No	NA	RIGHT_ARM	JU3125
IV	14690000	14700000	2	14695000	1470	105	No	NA	RIGHT_ARM	JU3125
IV	14700000	14710000	1	14705000	1471	105	No	NA	RIGHT_ARM	JU3125
IV	14710000	14720000	0	14715000	1472	105	No	NA	RIGHT_ARM	JU3125
IV	14720000	14730000	1	14725000	1473	105	No	NA	RIGHT_ARM	JU3125
IV	14730000	14740000	1	14735000	1474	105	No	NA	RIGHT_ARM	JU3125
IV	14740000	14750000	1	14745000	1475	105	No	NA	RIGHT_ARM	JU3125
IV	14750000	14760000	1	14755000	1476	105	No	NA	RIGHT_ARM	JU3125
IV	14760000	14770000	1	14765000	1477	105	No	NA	RIGHT_ARM	JU3125
IV	14770000	14780000	5	14775000	1478	105	No	NA	RIGHT_ARM	JU3125
IV	14780000	14790000	5	14785000	1479	105	No	NA	RIGHT_ARM	JU3125
IV	14790000	14800000	0	14795000	1480	105	No	NA	RIGHT_ARM	JU3125
IV	14800000	14810000	0	14805000	1481	105	No	NA	RIGHT_ARM	JU3125
IV	14810000	14820000	2	14815000	1482	105	No	NA	RIGHT_ARM	JU3125
IV	14820000	14830000	0	14825000	1483	105	No	NA	RIGHT_ARM	JU3125
IV	14830000	14840000	0	14835000	1484	105	No	NA	RIGHT_ARM	JU3125
IV	14840000	14850000	0	14845000	1485	105	No	NA	RIGHT_ARM	JU3125
IV	14850000	14860000	0	14855000	1486	105	No	NA	RIGHT_ARM	JU3125
IV	14860000	14870000	0	14865000	1487	105	No	NA	RIGHT_ARM	JU3125
IV	14870000	14880000	1	14875000	1488	105	No	NA	RIGHT_ARM	JU3125
IV	14880000	14890000	0	14885000	1489	105	No	NA	RIGHT_ARM	JU3125
IV	14890000	14900000	0	14895000	1490	105	No	NA	RIGHT_ARM	JU3125
IV	14900000	14910000	0	14905000	1491	105	No	NA	RIGHT_ARM	JU3125
IV	14910000	14920000	0	14915000	1492	105	No	NA	RIGHT_ARM	JU3125
IV	14920000	14930000	0	14925000	1493	105	No	NA	RIGHT_ARM	JU3125
IV	14930000	14940000	0	14935000	1494	105	No	NA	RIGHT_ARM	JU3125
IV	14940000	14950000	0	14945000	1495	105	No	NA	RIGHT_ARM	JU3125
IV	14950000	14960000	0	14955000	1496	105	No	NA	RIGHT_ARM	JU3125
IV	14960000	14970000	0	14965000	1497	105	No	NA	RIGHT_ARM	JU3125
IV	14970000	14980000	1	14975000	1498	105	No	NA	RIGHT_ARM	JU3125
IV	14980000	14990000	0	14985000	1499	105	No	NA	RIGHT_ARM	JU3125
IV	14990000	15000000	1	14995000	1500	105	No	NA	RIGHT_ARM	JU3125
IV	15000000	15010000	2	15005000	1501	105	No	NA	RIGHT_ARM	JU3125
IV	15010000	15020000	0	15015000	1502	105	No	NA	RIGHT_ARM	JU3125
IV	15020000	15030000	0	15025000	1503	105	No	NA	RIGHT_ARM	JU3125
IV	15030000	15040000	1	15035000	1504	105	No	NA	RIGHT_ARM	JU3125
IV	15040000	15050000	0	15045000	1505	105	No	NA	RIGHT_ARM	JU3125
IV	15050000	15060000	0	15055000	1506	105	No	NA	RIGHT_ARM	JU3125
IV	15060000	15070000	2	15065000	1507	105	No	NA	RIGHT_ARM	JU3125
IV	15070000	15080000	1	15075000	1508	105	No	NA	RIGHT_ARM	JU3125
IV	15080000	15090000	0	15085000	1509	105	No	NA	RIGHT_ARM	JU3125
IV	15090000	15100000	2	15095000	1510	105	No	NA	RIGHT_ARM	JU3125
IV	15100000	15110000	0	15105000	1511	105	No	NA	RIGHT_ARM	JU3125
IV	15110000	15120000	0	15115000	1512	105	No	NA	RIGHT_ARM	JU3125
IV	15120000	15130000	2	15125000	1513	105	No	NA	RIGHT_ARM	JU3125
IV	15130000	15140000	1	15135000	1514	105	No	NA	RIGHT_ARM	JU3125
IV	15140000	15150000	0	15145000	1515	105	No	NA	RIGHT_ARM	JU3125
IV	15150000	15160000	0	15155000	1516	105	No	NA	RIGHT_ARM	JU3125
IV	15160000	15170000	0	15165000	1517	105	No	NA	RIGHT_ARM	JU3125
IV	15170000	15180000	0	15175000	1518	105	No	NA	RIGHT_ARM	JU3125
IV	15180000	15190000	8	15185000	1519	105	No	NA	RIGHT_ARM	JU3125
IV	15190000	15200000	1	15195000	1520	105	No	NA	RIGHT_ARM	JU3125
IV	15200000	15210000	1	15205000	1521	105	No	NA	RIGHT_ARM	JU3125
IV	15210000	15220000	0	15215000	1522	105	No	NA	RIGHT_ARM	JU3125
IV	15220000	15230000	1	15225000	1523	105	No	NA	RIGHT_ARM	JU3125
IV	15230000	15240000	1	15235000	1524	105	No	NA	RIGHT_ARM	JU3125
IV	15240000	15250000	1	15245000	1525	105	No	NA	RIGHT_ARM	JU3125
IV	15250000	15260000	1	15255000	1526	105	No	NA	RIGHT_ARM	JU3125
IV	15260000	15270000	0	15265000	1527	105	No	NA	RIGHT_ARM	JU3125
IV	15270000	15280000	0	15275000	1528	105	No	NA	RIGHT_ARM	JU3125
IV	15280000	15290000	0	15285000	1529	105	No	NA	RIGHT_ARM	JU3125
IV	15290000	15300000	0	15295000	1530	105	No	NA	RIGHT_ARM	JU3125
IV	15300000	15310000	2	15305000	1531	105	No	NA	RIGHT_ARM	JU3125
IV	15310000	15320000	0	15315000	1532	105	No	NA	RIGHT_ARM	JU3125
IV	15320000	15330000	0	15325000	1533	105	No	NA	RIGHT_ARM	JU3125
IV	15330000	15340000	0	15335000	1534	105	No	NA	RIGHT_ARM	JU3125
IV	15340000	15350000	0	15345000	1535	105	No	NA	RIGHT_ARM	JU3125
IV	15350000	15360000	0	15355000	1536	105	No	NA	RIGHT_ARM	JU3125
IV	15360000	15370000	0	15365000	1537	105	No	NA	RIGHT_ARM	JU3125
IV	15370000	15380000	2	15375000	1538	105	No	NA	RIGHT_ARM	JU3125
IV	15380000	15390000	0	15385000	1539	105	No	NA	RIGHT_ARM	JU3125
IV	15390000	15400000	2	15395000	1540	105	No	NA	RIGHT_ARM	JU3125
IV	15400000	15410000	0	15405000	1541	105	No	NA	RIGHT_ARM	JU3125
IV	15410000	15420000	0	15415000	1542	105	No	NA	RIGHT_ARM	JU3125
IV	15420000	15430000	0	15425000	1543	105	No	NA	RIGHT_ARM	JU3125
IV	15430000	15440000	2	15435000	1544	105	No	NA	RIGHT_ARM	JU3125
IV	15440000	15450000	0	15445000	1545	105	No	NA	RIGHT_ARM	JU3125
IV	15450000	15460000	0	15455000	1546	105	No	NA	RIGHT_ARM	JU3125
IV	15460000	15470000	2	15465000	1547	105	No	NA	RIGHT_ARM	JU3125
IV	15470000	15480000	1	15475000	1548	105	No	NA	RIGHT_ARM	JU3125
IV	15480000	15490000	0	15485000	1549	105	No	NA	RIGHT_ARM	JU3125
IV	15490000	15500000	0	15495000	1550	105	No	NA	RIGHT_ARM	JU3125
IV	15500000	15510000	1	15505000	1551	105	No	NA	RIGHT_ARM	JU3125
IV	15510000	15520000	2	15515000	1552	105	No	NA	RIGHT_ARM	JU3125
IV	15520000	15530000	0	15525000	1553	105	No	NA	RIGHT_ARM	JU3125
IV	15530000	15540000	1	15535000	1554	105	No	NA	RIGHT_ARM	JU3125
IV	15540000	15550000	0	15545000	1555	105	No	NA	RIGHT_ARM	JU3125
IV	15550000	15560000	0	15555000	1556	105	No	NA	RIGHT_ARM	JU3125
IV	15560000	15570000	2	15565000	1557	105	No	NA	RIGHT_ARM	JU3125
IV	15570000	15580000	0	15575000	1558	105	No	NA	RIGHT_ARM	JU3125
IV	15580000	15590000	0	15585000	1559	105	No	NA	RIGHT_ARM	JU3125
IV	15590000	15600000	1	15595000	1560	105	No	NA	RIGHT_ARM	JU3125
IV	15600000	15610000	0	15605000	1561	105	No	NA	RIGHT_ARM	JU3125
IV	15610000	15620000	3	15615000	1562	105	No	NA	RIGHT_ARM	JU3125
IV	15620000	15630000	0	15625000	1563	105	No	NA	RIGHT_ARM	JU3125
IV	15630000	15640000	0	15635000	1564	105	No	NA	RIGHT_ARM	JU3125
IV	15640000	15650000	0	15645000	1565	105	No	NA	RIGHT_ARM	JU3125
IV	15650000	15660000	0	15655000	1566	105	No	NA	RIGHT_ARM	JU3125
IV	15660000	15670000	0	15665000	1567	105	No	NA	RIGHT_ARM	JU3125
IV	15670000	15680000	0	15675000	1568	105	No	NA	RIGHT_ARM	JU3125
IV	15680000	15690000	1	15685000	1569	105	No	NA	RIGHT_ARM	JU3125
IV	15690000	15700000	0	15695000	1570	105	No	NA	RIGHT_ARM	JU3125
IV	15700000	15710000	1	15705000	1571	105	No	NA	RIGHT_ARM	JU3125
IV	15710000	15720000	1	15715000	1572	105	No	NA	RIGHT_ARM	JU3125
IV	15720000	15730000	0	15725000	1573	105	No	NA	RIGHT_ARM	JU3125
IV	15730000	15740000	0	15735000	1574	105	No	NA	RIGHT_ARM	JU3125
IV	15740000	15750000	0	15745000	1575	105	No	NA	RIGHT_ARM	JU3125
IV	15750000	15760000	0	15755000	1576	105	No	NA	RIGHT_ARM	JU3125
IV	15760000	15770000	1	15765000	1577	105	No	NA	RIGHT_ARM	JU3125
IV	15770000	15780000	0	15775000	1578	105	No	NA	RIGHT_ARM	JU3125
IV	15780000	15790000	1	15785000	1579	105	No	NA	RIGHT_ARM	JU3125
IV	15790000	15800000	2	15795000	1580	105	No	NA	RIGHT_ARM	JU3125
IV	15800000	15810000	0	15805000	1581	105	No	NA	RIGHT_ARM	JU3125
IV	15810000	15820000	1	15815000	1582	105	No	NA	RIGHT_ARM	JU3125
IV	15820000	15830000	0	15825000	1583	105	No	NA	RIGHT_ARM	JU3125
IV	15830000	15840000	0	15835000	1584	105	No	NA	RIGHT_ARM	JU3125
IV	15840000	15850000	1	15845000	1585	105	No	NA	RIGHT_ARM	JU3125
IV	15850000	15860000	0	15855000	1586	105	No	NA	RIGHT_ARM	JU3125
IV	15860000	15870000	1	15865000	1587	105	No	NA	RIGHT_ARM	JU3125
IV	15870000	15880000	1	15875000	1588	105	No	NA	RIGHT_ARM	JU3125
IV	15880000	15890000	0	15885000	1589	105	No	NA	RIGHT_ARM	JU3125
IV	15890000	15900000	1	15895000	1590	105	No	NA	RIGHT_ARM	JU3125
IV	15900000	15910000	0	15905000	1591	105	No	NA	RIGHT_ARM	JU3125
IV	15910000	15920000	2	15915000	1592	105	No	NA	RIGHT_ARM	JU3125
IV	15920000	15930000	1	15925000	1593	105	No	NA	RIGHT_ARM	JU3125
IV	15930000	15940000	0	15935000	1594	105	No	NA	RIGHT_ARM	JU3125
IV	15940000	15950000	0	15945000	1595	105	No	NA	RIGHT_ARM	JU3125
IV	15950000	15960000	0	15955000	1596	105	No	NA	RIGHT_ARM	JU3125
IV	15960000	15970000	1	15965000	1597	105	No	NA	RIGHT_ARM	JU3125
IV	15970000	15980000	0	15975000	1598	105	No	NA	RIGHT_ARM	JU3125
IV	15980000	15990000	0	15985000	1599	105	No	NA	RIGHT_ARM	JU3125
IV	15990000	16000000	0	15995000	1600	105	No	NA	RIGHT_ARM	JU3125
IV	16000000	16010000	0	16005000	1601	105	No	NA	RIGHT_ARM	JU3125
IV	16010000	16020000	1	16015000	1602	105	No	NA	RIGHT_ARM	JU3125
IV	16020000	16030000	2	16025000	1603	105	No	NA	RIGHT_ARM	JU3125
IV	16030000	16040000	0	16035000	1604	105	No	NA	RIGHT_ARM	JU3125
IV	16040000	16050000	1	16045000	1605	105	No	NA	RIGHT_ARM	JU3125
IV	16050000	16060000	0	16055000	1606	105	No	NA	RIGHT_ARM	JU3125
IV	16060000	16070000	0	16065000	1607	105	No	NA	RIGHT_ARM	JU3125
IV	16070000	16080000	1	16075000	1608	105	No	NA	RIGHT_ARM	JU3125
IV	16080000	16090000	1	16085000	1609	105	No	NA	RIGHT_ARM	JU3125
IV	16090000	16100000	0	16095000	1610	105	No	NA	RIGHT_ARM	JU3125
IV	16100000	16110000	0	16105000	1611	105	No	NA	RIGHT_ARM	JU3125
IV	16110000	16120000	0	16115000	1612	105	No	NA	RIGHT_ARM	JU3125
IV	16120000	16130000	1	16125000	1613	105	No	NA	RIGHT_ARM	JU3125
IV	16130000	16140000	0	16135000	1614	105	No	NA	RIGHT_ARM	JU3125
IV	16140000	16150000	0	16145000	1615	105	No	NA	RIGHT_ARM	JU3125
IV	16150000	16160000	1	16155000	1616	105	No	NA	RIGHT_ARM	JU3125
IV	16160000	16170000	2	16165000	1617	105	No	NA	RIGHT_ARM	JU3125
IV	16170000	16180000	0	16175000	1618	105	No	NA	RIGHT_ARM	JU3125
IV	16180000	16190000	1	16185000	1619	105	No	NA	RIGHT_ARM	JU3125
IV	16190000	16200000	0	16195000	1620	105	No	NA	RIGHT_ARM	JU3125
IV	16200000	16210000	2	16205000	1621	105	No	NA	RIGHT_ARM	JU3125
IV	16210000	16220000	1	16215000	1622	105	No	NA	RIGHT_ARM	JU3125
IV	16220000	16230000	0	16225000	1623	105	No	NA	RIGHT_ARM	JU3125
IV	16230000	16240000	1	16235000	1624	105	No	NA	RIGHT_ARM	JU3125
IV	16240000	16250000	7	16245000	1625	105	No	NA	RIGHT_ARM	JU3125
IV	16250000	16260000	0	16255000	1626	105	No	NA	RIGHT_ARM	JU3125
IV	16260000	16270000	0	16265000	1627	105	No	NA	RIGHT_ARM	JU3125
IV	16270000	16280000	0	16275000	1628	105	No	NA	RIGHT_ARM	JU3125
IV	16280000	16290000	0	16285000	1629	105	No	NA	RIGHT_ARM	JU3125
IV	16290000	16300000	0	16295000	1630	105	No	NA	RIGHT_ARM	JU3125
IV	16300000	16310000	0	16305000	1631	105	No	NA	RIGHT_ARM	JU3125
IV	16310000	16320000	1	16315000	1632	105	No	NA	RIGHT_ARM	JU3125
IV	16320000	16330000	0	16325000	1633	105	No	NA	RIGHT_ARM	JU3125
IV	16330000	16340000	2	16335000	1634	105	No	NA	RIGHT_ARM	JU3125
IV	16340000	16350000	0	16345000	1635	105	No	NA	RIGHT_ARM	JU3125
IV	16350000	16360000	0	16355000	1636	105	No	NA	RIGHT_ARM	JU3125
IV	16360000	16370000	2	16365000	1637	105	No	NA	RIGHT_ARM	JU3125
IV	16370000	16380000	0	16375000	1638	105	No	NA	RIGHT_ARM	JU3125
IV	16380000	16390000	0	16385000	1639	105	No	NA	RIGHT_ARM	JU3125
IV	16390000	16400000	1	16395000	1640	105	No	NA	RIGHT_ARM	JU3125
IV	16400000	16410000	1	16405000	1641	105	No	NA	RIGHT_ARM	JU3125
IV	16410000	16420000	1	16415000	1642	105	No	NA	RIGHT_ARM	JU3125
IV	16420000	16430000	2	16425000	1643	105	No	NA	RIGHT_ARM	JU3125
IV	16430000	16440000	0	16435000	1644	105	No	NA	RIGHT_ARM	JU3125
IV	16440000	16450000	0	16445000	1645	105	No	NA	RIGHT_ARM	JU3125
IV	16450000	16460000	1	16455000	1646	105	No	NA	RIGHT_ARM	JU3125
IV	16460000	16470000	3	16465000	1647	105	No	NA	RIGHT_ARM	JU3125
IV	16470000	16480000	0	16475000	1648	105	No	NA	RIGHT_ARM	JU3125
IV	16480000	16490000	0	16485000	1649	105	No	NA	RIGHT_ARM	JU3125
IV	16490000	16500000	0	16495000	1650	105	No	NA	RIGHT_ARM	JU3125
IV	16500000	16510000	0	16505000	1651	105	No	NA	RIGHT_ARM	JU3125
IV	16510000	16520000	1	16515000	1652	105	No	NA	RIGHT_ARM	JU3125
IV	16520000	16530000	0	16525000	1653	105	No	NA	RIGHT_ARM	JU3125
IV	16530000	16540000	0	16535000	1654	105	No	NA	RIGHT_ARM	JU3125
IV	16540000	16550000	0	16545000	1655	105	No	NA	RIGHT_ARM	JU3125
IV	16550000	16560000	3	16555000	1656	105	No	NA	RIGHT_ARM	JU3125
IV	16560000	16570000	0	16565000	1657	105	No	NA	RIGHT_ARM	JU3125
IV	16570000	16580000	0	16575000	1658	105	No	NA	RIGHT_ARM	JU3125
IV	16580000	16590000	0	16585000	1659	105	No	NA	RIGHT_ARM	JU3125
IV	16590000	16600000	2	16595000	1660	105	No	NA	RIGHT_ARM	JU3125
IV	16600000	16610000	0	16605000	1661	105	No	NA	RIGHT_ARM	JU3125
IV	16610000	16620000	1	16615000	1662	105	No	NA	RIGHT_ARM	JU3125
IV	16620000	16630000	0	16625000	1663	105	No	NA	RIGHT_ARM	JU3125
IV	16630000	16640000	0	16635000	1664	105	No	NA	RIGHT_ARM	JU3125
IV	16640000	16650000	0	16645000	1665	105	No	NA	RIGHT_ARM	JU3125
IV	16650000	16660000	2	16655000	1666	105	No	NA	RIGHT_ARM	JU3125
IV	16660000	16670000	0	16665000	1667	105	No	NA	RIGHT_ARM	JU3125
IV	16670000	16680000	0	16675000	1668	105	No	NA	RIGHT_ARM	JU3125
IV	16680000	16690000	0	16685000	1669	105	No	NA	RIGHT_ARM	JU3125
IV	16690000	16700000	0	16695000	1670	105	No	NA	RIGHT_ARM	JU3125
IV	16700000	16710000	1	16705000	1671	105	No	NA	RIGHT_ARM	JU3125
IV	16710000	16720000	0	16715000	1672	105	No	NA	Telomeric	JU3125
IV	16720000	16730000	0	16725000	1673	105	No	NA	Telomeric	JU3125
IV	16730000	16740000	1	16735000	1674	105	No	NA	Telomeric	JU3125
IV	16740000	16750000	1	16745000	1675	105	No	NA	Telomeric	JU3125
IV	16750000	16760000	2	16755000	1676	105	No	NA	Telomeric	JU3125
IV	16760000	16770000	2	16765000	1677	105	No	NA	Telomeric	JU3125
IV	16770000	16780000	0	16775000	1678	105	No	NA	Telomeric	JU3125
IV	16780000	16790000	7	16785000	1679	105	No	NA	Telomeric	JU3125
IV	16790000	16800000	1	16795000	1680	105	No	NA	Telomeric	JU3125
IV	16800000	16810000	0	16805000	1681	105	No	NA	Telomeric	JU3125
IV	16810000	16820000	0	16815000	1682	105	No	NA	Telomeric	JU3125
IV	16820000	16830000	0	16825000	1683	105	No	NA	Telomeric	JU3125
IV	16830000	16840000	0	16835000	1684	105	No	NA	Telomeric	JU3125
IV	16840000	16850000	2	16845000	1685	105	No	NA	Telomeric	JU3125
IV	16850000	16860000	0	16855000	1686	105	No	NA	Telomeric	JU3125
IV	16860000	16870000	1	16865000	1687	105	No	NA	Telomeric	JU3125
IV	16870000	16880000	0	16875000	1688	105	No	NA	Telomeric	JU3125
IV	16880000	16890000	2	16885000	1689	105	No	NA	Telomeric	JU3125
IV	16890000	16900000	2	16895000	1690	105	No	NA	Telomeric	JU3125
IV	16900000	16910000	0	16905000	1691	105	No	NA	Telomeric	JU3125
IV	16910000	16920000	1	16915000	1692	105	No	NA	Telomeric	JU3125
IV	16920000	16930000	0	16925000	1693	105	No	NA	Telomeric	JU3125
IV	16930000	16940000	0	16935000	1694	105	No	NA	Telomeric	JU3125
IV	16940000	16950000	1	16945000	1695	105	No	NA	Telomeric	JU3125
IV	16950000	16960000	0	16955000	1696	105	No	NA	Telomeric	JU3125
IV	16960000	16970000	2	16965000	1697	105	No	NA	Telomeric	JU3125
IV	16970000	16980000	0	16975000	1698	105	No	NA	Telomeric	JU3125
IV	16980000	16990000	0	16985000	1699	105	No	NA	Telomeric	JU3125
IV	16990000	17000000	0	16995000	1700	105	No	NA	Telomeric	JU3125
IV	17000000	17010000	1	17005000	1701	105	No	NA	Telomeric	JU3125
IV	17010000	17020000	0	17015000	1702	105	No	NA	Telomeric	JU3125
IV	17020000	17030000	0	17025000	1703	105	No	NA	Telomeric	JU3125
IV	17030000	17040000	0	17035000	1704	105	No	NA	Telomeric	JU3125
IV	17040000	17050000	0	17045000	1705	105	No	NA	Telomeric	JU3125
IV	17050000	17060000	1	17055000	1706	105	No	NA	Telomeric	JU3125
IV	17060000	17070000	0	17065000	1707	105	No	NA	Telomeric	JU3125
IV	17070000	17080000	1	17075000	1708	105	No	NA	Telomeric	JU3125
IV	17080000	17090000	0	17085000	1709	105	No	NA	Telomeric	JU3125
IV	17090000	17100000	1	17095000	1710	105	No	NA	Telomeric	JU3125
IV	17100000	17110000	1	17105000	1711	105	No	NA	Telomeric	JU3125
IV	17110000	17120000	0	17115000	1712	105	No	NA	Telomeric	JU3125
IV	17120000	17130000	3	17125000	1713	105	No	NA	Telomeric	JU3125
IV	17130000	17140000	0	17135000	1714	105	No	NA	Telomeric	JU3125
IV	17140000	17150000	0	17145000	1715	105	No	NA	Telomeric	JU3125
IV	17150000	17160000	1	17155000	1716	105	No	NA	Telomeric	JU3125
IV	17160000	17170000	0	17165000	1717	105	No	NA	Telomeric	JU3125
IV	17170000	17180000	1	17175000	1718	105	No	NA	Telomeric	JU3125
IV	17180000	17190000	1	17185000	1719	105	No	NA	Telomeric	JU3125
IV	17190000	17200000	1	17195000	1720	105	No	NA	Telomeric	JU3125
IV	17200000	17210000	0	17205000	1721	105	No	NA	Telomeric	JU3125
IV	17210000	17220000	0	17215000	1722	105	No	NA	Telomeric	JU3125
IV	17220000	17230000	0	17225000	1723	105	No	NA	Telomeric	JU3125
IV	17230000	17240000	0	17235000	1724	105	No	NA	Telomeric	JU3125
IV	17240000	17250000	0	17245000	1725	105	No	NA	Telomeric	JU3125
IV	17250000	17260000	3	17255000	1726	105	No	NA	Telomeric	JU3125
IV	17260000	17270000	0	17265000	1727	105	No	NA	Telomeric	JU3125
IV	17270000	17280000	0	17275000	1728	105	No	NA	Telomeric	JU3125
IV	17280000	17290000	0	17285000	1729	105	No	NA	Telomeric	JU3125
IV	17290000	17300000	1	17295000	1730	105	No	NA	Telomeric	JU3125
IV	17300000	17310000	0	17305000	1731	105	No	NA	Telomeric	JU3125
IV	17310000	17320000	0	17315000	1732	105	No	NA	Telomeric	JU3125
IV	17320000	17330000	1	17325000	1733	105	No	NA	Telomeric	JU3125
IV	17330000	17340000	1	17335000	1734	105	No	NA	Telomeric	JU3125
IV	17340000	17350000	0	17345000	1735	105	No	NA	Telomeric	JU3125
IV	17350000	17360000	1	17355000	1736	105	No	NA	Telomeric	JU3125
IV	17360000	17370000	0	17365000	1737	105	No	NA	Telomeric	JU3125
IV	17370000	17380000	0	17375000	1738	105	No	NA	Telomeric	JU3125
IV	17380000	17390000	1	17385000	1739	105	No	NA	Telomeric	JU3125
IV	17390000	17400000	0	17395000	1740	105	No	NA	Telomeric	JU3125
IV	17400000	17410000	0	17405000	1741	105	No	NA	Telomeric	JU3125
IV	17410000	17420000	0	17415000	1742	105	No	NA	Telomeric	JU3125
IV	17420000	17430000	0	17425000	1743	105	No	NA	Telomeric	JU3125
IV	17430000	17440000	0	17435000	1744	105	No	NA	Telomeric	JU3125
IV	17440000	17450000	0	17445000	1745	105	No	NA	Telomeric	JU3125
IV	17450000	17460000	0	17455000	1746	105	No	NA	Telomeric	JU3125
IV	17460000	17470000	0	17465000	1747	105	No	NA	Telomeric	JU3125
IV	17470000	17480000	0	17475000	1748	105	No	NA	Telomeric	JU3125
IV	17480000	17490000	0	17485000	1749	105	No	NA	Telomeric	JU3125
IV	17490000	17493829	0	17491914.5	1750	105	No	NA	Telomeric	JU3125
V	0	10000	14	5000	1	105	No	NA	Telomeric	JU3125
V	10000	20000	29	15000	2	105	No	NA	Telomeric	JU3125
V	20000	30000	23	25000	3	105	No	NA	Telomeric	JU3125
V	30000	40000	18	35000	4	105	No	NA	Telomeric	JU3125
V	40000	50000	22	45000	5	105	No	NA	Telomeric	JU3125
V	50000	60000	15	55000	6	105	No	NA	Telomeric	JU3125
V	60000	70000	25	65000	7	105	No	NA	Telomeric	JU3125
V	70000	80000	25	75000	8	105	No	NA	Telomeric	JU3125
V	80000	90000	26	85000	9	105	No	NA	Telomeric	JU3125
V	90000	100000	27	95000	10	105	No	NA	Telomeric	JU3125
V	100000	110000	23	105000	11	105	No	NA	Telomeric	JU3125
V	110000	120000	20	115000	12	105	No	NA	Telomeric	JU3125
V	120000	130000	10	125000	13	105	No	NA	Telomeric	JU3125
V	130000	140000	24	135000	14	105	No	NA	Telomeric	JU3125
V	140000	150000	21	145000	15	105	No	NA	Telomeric	JU3125
V	150000	160000	30	155000	16	105	No	NA	Telomeric	JU3125
V	160000	170000	17	165000	17	105	No	NA	Telomeric	JU3125
V	170000	180000	25	175000	18	105	No	NA	Telomeric	JU3125
V	180000	190000	13	185000	19	105	No	NA	Telomeric	JU3125
V	190000	200000	28	195000	20	105	No	NA	Telomeric	JU3125
V	200000	210000	24	205000	21	105	No	NA	Telomeric	JU3125
V	210000	220000	17	215000	22	105	No	NA	Telomeric	JU3125
V	220000	230000	24	225000	23	105	No	NA	Telomeric	JU3125
V	230000	240000	29	235000	24	105	No	NA	Telomeric	JU3125
V	240000	250000	10	245000	25	105	No	NA	Telomeric	JU3125
V	250000	260000	23	255000	26	105	No	NA	Telomeric	JU3125
V	260000	270000	53	265000	27	105	No	NA	Telomeric	JU3125
V	270000	280000	24	275000	28	105	No	NA	Telomeric	JU3125
V	280000	290000	13	285000	29	105	No	NA	Telomeric	JU3125
V	290000	300000	29	295000	30	105	No	NA	Telomeric	JU3125
V	300000	310000	19	305000	31	105	No	NA	Telomeric	JU3125
V	310000	320000	39	315000	32	105	No	NA	Telomeric	JU3125
V	320000	330000	15	325000	33	105	No	NA	Telomeric	JU3125
V	330000	340000	16	335000	34	105	No	NA	Telomeric	JU3125
V	340000	350000	22	345000	35	105	No	NA	Telomeric	JU3125
V	350000	360000	24	355000	36	105	No	NA	Telomeric	JU3125
V	360000	370000	5	365000	37	105	No	NA	Telomeric	JU3125
V	370000	380000	3	375000	38	105	No	NA	Telomeric	JU3125
V	380000	390000	7	385000	39	105	No	NA	Telomeric	JU3125
V	390000	400000	8	395000	40	105	No	NA	Telomeric	JU3125
V	400000	410000	11	405000	41	105	No	NA	Telomeric	JU3125
V	410000	420000	29	415000	42	105	No	NA	Telomeric	JU3125
V	420000	430000	5	425000	43	105	No	NA	Telomeric	JU3125
V	430000	440000	5	435000	44	105	No	NA	Telomeric	JU3125
V	440000	450000	9	445000	45	105	No	NA	Telomeric	JU3125
V	450000	460000	11	455000	46	105	No	NA	Telomeric	JU3125
V	460000	470000	8	465000	47	105	No	NA	Telomeric	JU3125
V	470000	480000	7	475000	48	105	No	NA	Telomeric	JU3125
V	480000	490000	11	485000	49	105	No	NA	Telomeric	JU3125
V	490000	500000	3	495000	50	105	No	NA	Telomeric	JU3125
V	500000	510000	8	505000	51	105	No	NA	Telomeric	JU3125
V	510000	520000	8	515000	52	105	No	NA	Telomeric	JU3125
V	520000	530000	567	525000	53	6	Yes	Up	Telomeric	JU3125
V	530000	540000	637	535000	54	3	Yes	Up	Telomeric	JU3125
V	540000	550000	615	545000	55	4	Yes	Up	Telomeric	JU3125
V	550000	560000	391	555000	56	24	Yes	Up	Telomeric	JU3125
V	560000	570000	440	565000	57	16	Yes	Up	Telomeric	JU3125
V	570000	580000	462	575000	58	14	Yes	Up	Telomeric	JU3125
V	580000	590000	690	585000	59	1	Yes	Up	Telomeric	JU3125
V	590000	600000	217	595000	60	58	Yes	Up	Telomeric	JU3125
V	600000	610000	42	605000	61	105	No	NA	Telomeric	JU3125
V	610000	620000	138	615000	62	86	Yes	Up	Telomeric	JU3125
V	620000	630000	72	625000	63	105	No	NA	Telomeric	JU3125
V	630000	640000	59	635000	64	105	No	NA	Telomeric	JU3125
V	640000	650000	70	645000	65	105	No	NA	LEFT_ARM	JU3125
V	650000	660000	54	655000	66	105	No	NA	LEFT_ARM	JU3125
V	660000	670000	43	665000	67	105	No	NA	LEFT_ARM	JU3125
V	670000	680000	93	675000	68	105	No	NA	LEFT_ARM	JU3125
V	680000	690000	330	685000	69	33	Yes	Up	LEFT_ARM	JU3125
V	690000	700000	397	695000	70	23	Yes	Up	LEFT_ARM	JU3125
V	700000	710000	544	705000	71	7	Yes	Up	LEFT_ARM	JU3125
V	710000	720000	253	715000	72	43	Yes	Up	LEFT_ARM	JU3125
V	720000	730000	30	725000	73	105	No	NA	LEFT_ARM	JU3125
V	730000	740000	44	735000	74	105	No	NA	LEFT_ARM	JU3125
V	740000	750000	39	745000	75	105	No	NA	LEFT_ARM	JU3125
V	750000	760000	48	755000	76	105	No	NA	LEFT_ARM	JU3125
V	760000	770000	29	765000	77	105	No	NA	LEFT_ARM	JU3125
V	770000	780000	36	775000	78	105	No	NA	LEFT_ARM	JU3125
V	780000	790000	48	785000	79	105	No	NA	LEFT_ARM	JU3125
V	790000	800000	61	795000	80	105	No	NA	LEFT_ARM	JU3125
V	800000	810000	49	805000	81	105	No	NA	LEFT_ARM	JU3125
V	810000	820000	46	815000	82	105	No	NA	LEFT_ARM	JU3125
V	820000	830000	30	825000	83	105	No	NA	LEFT_ARM	JU3125
V	830000	840000	33	835000	84	105	No	NA	LEFT_ARM	JU3125
V	840000	850000	43	845000	85	105	No	NA	LEFT_ARM	JU3125
V	850000	860000	21	855000	86	105	No	NA	LEFT_ARM	JU3125
V	860000	870000	15	865000	87	105	No	NA	LEFT_ARM	JU3125
V	870000	880000	60	875000	88	105	No	NA	LEFT_ARM	JU3125
V	880000	890000	62	885000	89	105	No	NA	LEFT_ARM	JU3125
V	890000	900000	50	895000	90	105	No	NA	LEFT_ARM	JU3125
V	900000	910000	50	905000	91	105	No	NA	LEFT_ARM	JU3125
V	910000	920000	80	915000	92	105	No	NA	LEFT_ARM	JU3125
V	920000	930000	49	925000	93	105	No	NA	LEFT_ARM	JU3125
V	930000	940000	38	935000	94	105	No	NA	LEFT_ARM	JU3125
V	940000	950000	48	945000	95	105	No	NA	LEFT_ARM	JU3125
V	950000	960000	60	955000	96	105	No	NA	LEFT_ARM	JU3125
V	960000	970000	42	965000	97	105	No	NA	LEFT_ARM	JU3125
V	970000	980000	45	975000	98	105	No	NA	LEFT_ARM	JU3125
V	980000	990000	55	985000	99	105	No	NA	LEFT_ARM	JU3125
V	990000	1000000	56	995000	100	105	No	NA	LEFT_ARM	JU3125
V	1000000	1010000	32	1005000	101	105	No	NA	LEFT_ARM	JU3125
V	1010000	1020000	30	1015000	102	105	No	NA	LEFT_ARM	JU3125
V	1020000	1030000	32	1025000	103	105	No	NA	LEFT_ARM	JU3125
V	1030000	1040000	24	1035000	104	105	No	NA	LEFT_ARM	JU3125
V	1040000	1050000	16	1045000	105	105	No	NA	LEFT_ARM	JU3125
V	1050000	1060000	18	1055000	106	105	No	NA	LEFT_ARM	JU3125
V	1060000	1070000	23	1065000	107	105	No	NA	LEFT_ARM	JU3125
V	1070000	1080000	40	1075000	108	105	No	NA	LEFT_ARM	JU3125
V	1080000	1090000	21	1085000	109	105	No	NA	LEFT_ARM	JU3125
V	1090000	1100000	58	1095000	110	105	No	NA	LEFT_ARM	JU3125
V	1100000	1110000	76	1105000	111	105	No	NA	LEFT_ARM	JU3125
V	1110000	1120000	15	1115000	112	105	No	NA	LEFT_ARM	JU3125
V	1120000	1130000	20	1125000	113	105	No	NA	LEFT_ARM	JU3125
V	1130000	1140000	13	1135000	114	105	No	NA	LEFT_ARM	JU3125
V	1140000	1150000	17	1145000	115	105	No	NA	LEFT_ARM	JU3125
V	1150000	1160000	50	1155000	116	105	No	NA	LEFT_ARM	JU3125
V	1160000	1170000	42	1165000	117	105	No	NA	LEFT_ARM	JU3125
V	1170000	1180000	15	1175000	118	105	No	NA	LEFT_ARM	JU3125
V	1180000	1190000	23	1185000	119	105	No	NA	LEFT_ARM	JU3125
V	1190000	1200000	30	1195000	120	105	No	NA	LEFT_ARM	JU3125
V	1200000	1210000	34	1205000	121	105	No	NA	LEFT_ARM	JU3125
V	1210000	1220000	20	1215000	122	105	No	NA	LEFT_ARM	JU3125
V	1220000	1230000	28	1225000	123	105	No	NA	LEFT_ARM	JU3125
V	1230000	1240000	11	1235000	124	105	No	NA	LEFT_ARM	JU3125
V	1240000	1250000	2	1245000	125	105	No	NA	LEFT_ARM	JU3125
V	1250000	1260000	2	1255000	126	105	No	NA	LEFT_ARM	JU3125
V	1260000	1270000	2	1265000	127	105	No	NA	LEFT_ARM	JU3125
V	1270000	1280000	12	1275000	128	105	No	NA	LEFT_ARM	JU3125
V	1280000	1290000	0	1285000	129	105	No	NA	LEFT_ARM	JU3125
V	1290000	1300000	1	1295000	130	105	No	NA	LEFT_ARM	JU3125
V	1300000	1310000	2	1305000	131	105	No	NA	LEFT_ARM	JU3125
V	1310000	1320000	1	1315000	132	105	No	NA	LEFT_ARM	JU3125
V	1320000	1330000	4	1325000	133	105	No	NA	LEFT_ARM	JU3125
V	1330000	1340000	1	1335000	134	105	No	NA	LEFT_ARM	JU3125
V	1340000	1350000	0	1345000	135	105	No	NA	LEFT_ARM	JU3125
V	1350000	1360000	1	1355000	136	105	No	NA	LEFT_ARM	JU3125
V	1360000	1370000	0	1365000	137	105	No	NA	LEFT_ARM	JU3125
V	1370000	1380000	8	1375000	138	105	No	NA	LEFT_ARM	JU3125
V	1380000	1390000	0	1385000	139	105	No	NA	LEFT_ARM	JU3125
V	1390000	1400000	1	1395000	140	105	No	NA	LEFT_ARM	JU3125
V	1400000	1410000	2	1405000	141	105	No	NA	LEFT_ARM	JU3125
V	1410000	1420000	3	1415000	142	105	No	NA	LEFT_ARM	JU3125
V	1420000	1430000	1	1425000	143	105	No	NA	LEFT_ARM	JU3125
V	1430000	1440000	1	1435000	144	105	No	NA	LEFT_ARM	JU3125
V	1440000	1450000	3	1445000	145	105	No	NA	LEFT_ARM	JU3125
V	1450000	1460000	0	1455000	146	105	No	NA	LEFT_ARM	JU3125
V	1460000	1470000	0	1465000	147	105	No	NA	LEFT_ARM	JU3125
V	1470000	1480000	5	1475000	148	105	No	NA	LEFT_ARM	JU3125
V	1480000	1490000	2	1485000	149	105	No	NA	LEFT_ARM	JU3125
V	1490000	1500000	1	1495000	150	105	No	NA	LEFT_ARM	JU3125
V	1500000	1510000	2	1505000	151	105	No	NA	LEFT_ARM	JU3125
V	1510000	1520000	1	1515000	152	105	No	NA	LEFT_ARM	JU3125
V	1520000	1530000	1	1525000	153	105	No	NA	LEFT_ARM	JU3125
V	1530000	1540000	2	1535000	154	105	No	NA	LEFT_ARM	JU3125
V	1540000	1550000	2	1545000	155	105	No	NA	LEFT_ARM	JU3125
V	1550000	1560000	1	1555000	156	105	No	NA	LEFT_ARM	JU3125
V	1560000	1570000	1	1565000	157	105	No	NA	LEFT_ARM	JU3125
V	1570000	1580000	5	1575000	158	105	No	NA	LEFT_ARM	JU3125
V	1580000	1590000	2	1585000	159	105	No	NA	LEFT_ARM	JU3125
V	1590000	1600000	1	1595000	160	105	No	NA	LEFT_ARM	JU3125
V	1600000	1610000	1	1605000	161	105	No	NA	LEFT_ARM	JU3125
V	1610000	1620000	1	1615000	162	105	No	NA	LEFT_ARM	JU3125
V	1620000	1630000	0	1625000	163	105	No	NA	LEFT_ARM	JU3125
V	1630000	1640000	9	1635000	164	105	No	NA	LEFT_ARM	JU3125
V	1640000	1650000	2	1645000	165	105	No	NA	LEFT_ARM	JU3125
V	1650000	1660000	0	1655000	166	105	No	NA	LEFT_ARM	JU3125
V	1660000	1670000	0	1665000	167	105	No	NA	LEFT_ARM	JU3125
V	1670000	1680000	0	1675000	168	105	No	NA	LEFT_ARM	JU3125
V	1680000	1690000	1	1685000	169	105	No	NA	LEFT_ARM	JU3125
V	1690000	1700000	1	1695000	170	105	No	NA	LEFT_ARM	JU3125
V	1700000	1710000	2	1705000	171	105	No	NA	LEFT_ARM	JU3125
V	1710000	1720000	1	1715000	172	105	No	NA	LEFT_ARM	JU3125
V	1720000	1730000	1	1725000	173	105	No	NA	LEFT_ARM	JU3125
V	1730000	1740000	2	1735000	174	105	No	NA	LEFT_ARM	JU3125
V	1740000	1750000	1	1745000	175	105	No	NA	LEFT_ARM	JU3125
V	1750000	1760000	0	1755000	176	105	No	NA	LEFT_ARM	JU3125
V	1760000	1770000	2	1765000	177	105	No	NA	LEFT_ARM	JU3125
V	1770000	1780000	0	1775000	178	105	No	NA	LEFT_ARM	JU3125
V	1780000	1790000	0	1785000	179	105	No	NA	LEFT_ARM	JU3125
V	1790000	1800000	1	1795000	180	105	No	NA	LEFT_ARM	JU3125
V	1800000	1810000	0	1805000	181	105	No	NA	LEFT_ARM	JU3125
V	1810000	1820000	0	1815000	182	105	No	NA	LEFT_ARM	JU3125
V	1820000	1830000	2	1825000	183	105	No	NA	LEFT_ARM	JU3125
V	1830000	1840000	0	1835000	184	105	No	NA	LEFT_ARM	JU3125
V	1840000	1850000	0	1845000	185	105	No	NA	LEFT_ARM	JU3125
V	1850000	1860000	1	1855000	186	105	No	NA	LEFT_ARM	JU3125
V	1860000	1870000	4	1865000	187	105	No	NA	LEFT_ARM	JU3125
V	1870000	1880000	2	1875000	188	105	No	NA	LEFT_ARM	JU3125
V	1880000	1890000	2	1885000	189	105	No	NA	LEFT_ARM	JU3125
V	1890000	1900000	0	1895000	190	105	No	NA	LEFT_ARM	JU3125
V	1900000	1910000	1	1905000	191	105	No	NA	LEFT_ARM	JU3125
V	1910000	1920000	2	1915000	192	105	No	NA	LEFT_ARM	JU3125
V	1920000	1930000	2	1925000	193	105	No	NA	LEFT_ARM	JU3125
V	1930000	1940000	1	1935000	194	105	No	NA	LEFT_ARM	JU3125
V	1940000	1950000	0	1945000	195	105	No	NA	LEFT_ARM	JU3125
V	1950000	1960000	3	1955000	196	105	No	NA	LEFT_ARM	JU3125
V	1960000	1970000	0	1965000	197	105	No	NA	LEFT_ARM	JU3125
V	1970000	1980000	2	1975000	198	105	No	NA	LEFT_ARM	JU3125
V	1980000	1990000	4	1985000	199	105	No	NA	LEFT_ARM	JU3125
V	1990000	2000000	2	1995000	200	105	No	NA	LEFT_ARM	JU3125
V	2000000	2010000	0	2005000	201	105	No	NA	LEFT_ARM	JU3125
V	2010000	2020000	6	2015000	202	105	No	NA	LEFT_ARM	JU3125
V	2020000	2030000	0	2025000	203	105	No	NA	LEFT_ARM	JU3125
V	2030000	2040000	1	2035000	204	105	No	NA	LEFT_ARM	JU3125
V	2040000	2050000	2	2045000	205	105	No	NA	LEFT_ARM	JU3125
V	2050000	2060000	0	2055000	206	105	No	NA	LEFT_ARM	JU3125
V	2060000	2070000	0	2065000	207	105	No	NA	LEFT_ARM	JU3125
V	2070000	2080000	1	2075000	208	105	No	NA	LEFT_ARM	JU3125
V	2080000	2090000	2	2085000	209	105	No	NA	LEFT_ARM	JU3125
V	2090000	2100000	0	2095000	210	105	No	NA	LEFT_ARM	JU3125
V	2100000	2110000	0	2105000	211	105	No	NA	LEFT_ARM	JU3125
V	2110000	2120000	0	2115000	212	105	No	NA	LEFT_ARM	JU3125
V	2120000	2130000	0	2125000	213	105	No	NA	LEFT_ARM	JU3125
V	2130000	2140000	0	2135000	214	105	No	NA	LEFT_ARM	JU3125
V	2140000	2150000	0	2145000	215	105	No	NA	LEFT_ARM	JU3125
V	2150000	2160000	0	2155000	216	105	No	NA	LEFT_ARM	JU3125
V	2160000	2170000	0	2165000	217	105	No	NA	LEFT_ARM	JU3125
V	2170000	2180000	0	2175000	218	105	No	NA	LEFT_ARM	JU3125
V	2180000	2190000	0	2185000	219	105	No	NA	LEFT_ARM	JU3125
V	2190000	2200000	0	2195000	220	105	No	NA	LEFT_ARM	JU3125
V	2200000	2210000	0	2205000	221	105	No	NA	LEFT_ARM	JU3125
V	2210000	2220000	0	2215000	222	105	No	NA	LEFT_ARM	JU3125
V	2220000	2230000	0	2225000	223	105	No	NA	LEFT_ARM	JU3125
V	2230000	2240000	0	2235000	224	105	No	NA	LEFT_ARM	JU3125
V	2240000	2250000	0	2245000	225	105	No	NA	LEFT_ARM	JU3125
V	2250000	2260000	0	2255000	226	105	No	NA	LEFT_ARM	JU3125
V	2260000	2270000	0	2265000	227	105	No	NA	LEFT_ARM	JU3125
V	2270000	2280000	0	2275000	228	105	No	NA	LEFT_ARM	JU3125
V	2280000	2290000	0	2285000	229	105	No	NA	LEFT_ARM	JU3125
V	2290000	2300000	1	2295000	230	105	No	NA	LEFT_ARM	JU3125
V	2300000	2310000	0	2305000	231	105	No	NA	LEFT_ARM	JU3125
V	2310000	2320000	0	2315000	232	105	No	NA	LEFT_ARM	JU3125
V	2320000	2330000	5	2325000	233	105	No	NA	LEFT_ARM	JU3125
V	2330000	2340000	0	2335000	234	105	No	NA	LEFT_ARM	JU3125
V	2340000	2350000	0	2345000	235	105	No	NA	LEFT_ARM	JU3125
V	2350000	2360000	0	2355000	236	105	No	NA	LEFT_ARM	JU3125
V	2360000	2370000	0	2365000	237	105	No	NA	LEFT_ARM	JU3125
V	2370000	2380000	0	2375000	238	105	No	NA	LEFT_ARM	JU3125
V	2380000	2390000	0	2385000	239	105	No	NA	LEFT_ARM	JU3125
V	2390000	2400000	0	2395000	240	105	No	NA	LEFT_ARM	JU3125
V	2400000	2410000	0	2405000	241	105	No	NA	LEFT_ARM	JU3125
V	2410000	2420000	0	2415000	242	105	No	NA	LEFT_ARM	JU3125
V	2420000	2430000	0	2425000	243	105	No	NA	LEFT_ARM	JU3125
V	2430000	2440000	0	2435000	244	105	No	NA	LEFT_ARM	JU3125
V	2440000	2450000	0	2445000	245	105	No	NA	LEFT_ARM	JU3125
V	2450000	2460000	0	2455000	246	105	No	NA	LEFT_ARM	JU3125
V	2460000	2470000	0	2465000	247	105	No	NA	LEFT_ARM	JU3125
V	2470000	2480000	0	2475000	248	105	No	NA	LEFT_ARM	JU3125
V	2480000	2490000	0	2485000	249	105	No	NA	LEFT_ARM	JU3125
V	2490000	2500000	0	2495000	250	105	No	NA	LEFT_ARM	JU3125
V	2500000	2510000	0	2505000	251	105	No	NA	LEFT_ARM	JU3125
V	2510000	2520000	0	2515000	252	105	No	NA	LEFT_ARM	JU3125
V	2520000	2530000	0	2525000	253	105	No	NA	LEFT_ARM	JU3125
V	2530000	2540000	0	2535000	254	105	No	NA	LEFT_ARM	JU3125
V	2540000	2550000	0	2545000	255	105	No	NA	LEFT_ARM	JU3125
V	2550000	2560000	0	2555000	256	105	No	NA	LEFT_ARM	JU3125
V	2560000	2570000	0	2565000	257	105	No	NA	LEFT_ARM	JU3125
V	2570000	2580000	0	2575000	258	105	No	NA	LEFT_ARM	JU3125
V	2580000	2590000	0	2585000	259	105	No	NA	LEFT_ARM	JU3125
V	2590000	2600000	0	2595000	260	105	No	NA	LEFT_ARM	JU3125
V	2600000	2610000	1	2605000	261	105	No	NA	LEFT_ARM	JU3125
V	2610000	2620000	1	2615000	262	105	No	NA	LEFT_ARM	JU3125
V	2620000	2630000	0	2625000	263	105	No	NA	LEFT_ARM	JU3125
V	2630000	2640000	0	2635000	264	105	No	NA	LEFT_ARM	JU3125
V	2640000	2650000	1	2645000	265	105	No	NA	LEFT_ARM	JU3125
V	2650000	2660000	0	2655000	266	105	No	NA	LEFT_ARM	JU3125
V	2660000	2670000	1	2665000	267	105	No	NA	LEFT_ARM	JU3125
V	2670000	2680000	1	2675000	268	105	No	NA	LEFT_ARM	JU3125
V	2680000	2690000	1	2685000	269	105	No	NA	LEFT_ARM	JU3125
V	2690000	2700000	0	2695000	270	105	No	NA	LEFT_ARM	JU3125
V	2700000	2710000	0	2705000	271	105	No	NA	LEFT_ARM	JU3125
V	2710000	2720000	0	2715000	272	105	No	NA	LEFT_ARM	JU3125
V	2720000	2730000	0	2725000	273	105	No	NA	LEFT_ARM	JU3125
V	2730000	2740000	0	2735000	274	105	No	NA	LEFT_ARM	JU3125
V	2740000	2750000	0	2745000	275	105	No	NA	LEFT_ARM	JU3125
V	2750000	2760000	0	2755000	276	105	No	NA	LEFT_ARM	JU3125
V	2760000	2770000	0	2765000	277	105	No	NA	LEFT_ARM	JU3125
V	2770000	2780000	2	2775000	278	105	No	NA	LEFT_ARM	JU3125
V	2780000	2790000	35	2785000	279	105	No	NA	LEFT_ARM	JU3125
V	2790000	2800000	0	2795000	280	105	No	NA	LEFT_ARM	JU3125
V	2800000	2810000	1	2805000	281	105	No	NA	LEFT_ARM	JU3125
V	2810000	2820000	1	2815000	282	105	No	NA	LEFT_ARM	JU3125
V	2820000	2830000	0	2825000	283	105	No	NA	LEFT_ARM	JU3125
V	2830000	2840000	0	2835000	284	105	No	NA	LEFT_ARM	JU3125
V	2840000	2850000	0	2845000	285	105	No	NA	LEFT_ARM	JU3125
V	2850000	2860000	0	2855000	286	105	No	NA	LEFT_ARM	JU3125
V	2860000	2870000	0	2865000	287	105	No	NA	LEFT_ARM	JU3125
V	2870000	2880000	0	2875000	288	105	No	NA	LEFT_ARM	JU3125
V	2880000	2890000	1	2885000	289	105	No	NA	LEFT_ARM	JU3125
V	2890000	2900000	0	2895000	290	105	No	NA	LEFT_ARM	JU3125
V	2900000	2910000	1	2905000	291	105	No	NA	LEFT_ARM	JU3125
V	2910000	2920000	0	2915000	292	105	No	NA	LEFT_ARM	JU3125
V	2920000	2930000	0	2925000	293	105	No	NA	LEFT_ARM	JU3125
V	2930000	2940000	0	2935000	294	105	No	NA	LEFT_ARM	JU3125
V	2940000	2950000	0	2945000	295	105	No	NA	LEFT_ARM	JU3125
V	2950000	2960000	1	2955000	296	105	No	NA	LEFT_ARM	JU3125
V	2960000	2970000	1	2965000	297	105	No	NA	LEFT_ARM	JU3125
V	2970000	2980000	0	2975000	298	105	No	NA	LEFT_ARM	JU3125
V	2980000	2990000	0	2985000	299	105	No	NA	LEFT_ARM	JU3125
V	2990000	3000000	0	2995000	300	105	No	NA	LEFT_ARM	JU3125
V	3000000	3010000	0	3005000	301	105	No	NA	LEFT_ARM	JU3125
V	3010000	3020000	1	3015000	302	105	No	NA	LEFT_ARM	JU3125
V	3020000	3030000	0	3025000	303	105	No	NA	LEFT_ARM	JU3125
V	3030000	3040000	1	3035000	304	105	No	NA	LEFT_ARM	JU3125
V	3040000	3050000	1	3045000	305	105	No	NA	LEFT_ARM	JU3125
V	3050000	3060000	1	3055000	306	105	No	NA	LEFT_ARM	JU3125
V	3060000	3070000	0	3065000	307	105	No	NA	LEFT_ARM	JU3125
V	3070000	3080000	0	3075000	308	105	No	NA	LEFT_ARM	JU3125
V	3080000	3090000	0	3085000	309	105	No	NA	LEFT_ARM	JU3125
V	3090000	3100000	2	3095000	310	105	No	NA	LEFT_ARM	JU3125
V	3100000	3110000	0	3105000	311	105	No	NA	LEFT_ARM	JU3125
V	3110000	3120000	0	3115000	312	105	No	NA	LEFT_ARM	JU3125
V	3120000	3130000	0	3125000	313	105	No	NA	LEFT_ARM	JU3125
V	3130000	3140000	1	3135000	314	105	No	NA	LEFT_ARM	JU3125
V	3140000	3150000	1	3145000	315	105	No	NA	LEFT_ARM	JU3125
V	3150000	3160000	0	3155000	316	105	No	NA	LEFT_ARM	JU3125
V	3160000	3170000	3	3165000	317	105	No	NA	LEFT_ARM	JU3125
V	3170000	3180000	0	3175000	318	105	No	NA	LEFT_ARM	JU3125
V	3180000	3190000	0	3185000	319	105	No	NA	LEFT_ARM	JU3125
V	3190000	3200000	0	3195000	320	105	No	NA	LEFT_ARM	JU3125
V	3200000	3210000	2	3205000	321	105	No	NA	LEFT_ARM	JU3125
V	3210000	3220000	1	3215000	322	105	No	NA	LEFT_ARM	JU3125
V	3220000	3230000	0	3225000	323	105	No	NA	LEFT_ARM	JU3125
V	3230000	3240000	0	3235000	324	105	No	NA	LEFT_ARM	JU3125
V	3240000	3250000	0	3245000	325	105	No	NA	LEFT_ARM	JU3125
V	3250000	3260000	1	3255000	326	105	No	NA	LEFT_ARM	JU3125
V	3260000	3270000	1	3265000	327	105	No	NA	LEFT_ARM	JU3125
V	3270000	3280000	1	3275000	328	105	No	NA	LEFT_ARM	JU3125
V	3280000	3290000	0	3285000	329	105	No	NA	LEFT_ARM	JU3125
V	3290000	3300000	1	3295000	330	105	No	NA	LEFT_ARM	JU3125
V	3300000	3310000	0	3305000	331	105	No	NA	LEFT_ARM	JU3125
V	3310000	3320000	0	3315000	332	105	No	NA	LEFT_ARM	JU3125
V	3320000	3330000	0	3325000	333	105	No	NA	LEFT_ARM	JU3125
V	3330000	3340000	1	3335000	334	105	No	NA	LEFT_ARM	JU3125
V	3340000	3350000	0	3345000	335	105	No	NA	LEFT_ARM	JU3125
V	3350000	3360000	1	3355000	336	105	No	NA	LEFT_ARM	JU3125
V	3360000	3370000	0	3365000	337	105	No	NA	LEFT_ARM	JU3125
V	3370000	3380000	0	3375000	338	105	No	NA	LEFT_ARM	JU3125
V	3380000	3390000	1	3385000	339	105	No	NA	LEFT_ARM	JU3125
V	3390000	3400000	0	3395000	340	105	No	NA	LEFT_ARM	JU3125
V	3400000	3410000	0	3405000	341	105	No	NA	LEFT_ARM	JU3125
V	3410000	3420000	0	3415000	342	105	No	NA	LEFT_ARM	JU3125
V	3420000	3430000	0	3425000	343	105	No	NA	LEFT_ARM	JU3125
V	3430000	3440000	0	3435000	344	105	No	NA	LEFT_ARM	JU3125
V	3440000	3450000	0	3445000	345	105	No	NA	LEFT_ARM	JU3125
V	3450000	3460000	1	3455000	346	105	No	NA	LEFT_ARM	JU3125
V	3460000	3470000	0	3465000	347	105	No	NA	LEFT_ARM	JU3125
V	3470000	3480000	0	3475000	348	105	No	NA	LEFT_ARM	JU3125
V	3480000	3490000	0	3485000	349	105	No	NA	LEFT_ARM	JU3125
V	3490000	3500000	0	3495000	350	105	No	NA	LEFT_ARM	JU3125
V	3500000	3510000	0	3505000	351	105	No	NA	LEFT_ARM	JU3125
V	3510000	3520000	1	3515000	352	105	No	NA	LEFT_ARM	JU3125
V	3520000	3530000	0	3525000	353	105	No	NA	LEFT_ARM	JU3125
V	3530000	3540000	0	3535000	354	105	No	NA	LEFT_ARM	JU3125
V	3540000	3550000	0	3545000	355	105	No	NA	LEFT_ARM	JU3125
V	3550000	3560000	0	3555000	356	105	No	NA	LEFT_ARM	JU3125
V	3560000	3570000	2	3565000	357	105	No	NA	LEFT_ARM	JU3125
V	3570000	3580000	0	3575000	358	105	No	NA	LEFT_ARM	JU3125
V	3580000	3590000	0	3585000	359	105	No	NA	LEFT_ARM	JU3125
V	3590000	3600000	0	3595000	360	105	No	NA	LEFT_ARM	JU3125
V	3600000	3610000	0	3605000	361	105	No	NA	LEFT_ARM	JU3125
V	3610000	3620000	0	3615000	362	105	No	NA	LEFT_ARM	JU3125
V	3620000	3630000	1	3625000	363	105	No	NA	LEFT_ARM	JU3125
V	3630000	3640000	0	3635000	364	105	No	NA	LEFT_ARM	JU3125
V	3640000	3650000	2	3645000	365	105	No	NA	LEFT_ARM	JU3125
V	3650000	3660000	0	3655000	366	105	No	NA	LEFT_ARM	JU3125
V	3660000	3670000	0	3665000	367	105	No	NA	LEFT_ARM	JU3125
V	3670000	3680000	0	3675000	368	105	No	NA	LEFT_ARM	JU3125
V	3680000	3690000	2	3685000	369	105	No	NA	LEFT_ARM	JU3125
V	3690000	3700000	2	3695000	370	105	No	NA	LEFT_ARM	JU3125
V	3700000	3710000	0	3705000	371	105	No	NA	LEFT_ARM	JU3125
V	3710000	3720000	0	3715000	372	105	No	NA	LEFT_ARM	JU3125
V	3720000	3730000	0	3725000	373	105	No	NA	LEFT_ARM	JU3125
V	3730000	3740000	1	3735000	374	105	No	NA	LEFT_ARM	JU3125
V	3740000	3750000	1	3745000	375	105	No	NA	LEFT_ARM	JU3125
V	3750000	3760000	0	3755000	376	105	No	NA	LEFT_ARM	JU3125
V	3760000	3770000	0	3765000	377	105	No	NA	LEFT_ARM	JU3125
V	3770000	3780000	0	3775000	378	105	No	NA	LEFT_ARM	JU3125
V	3780000	3790000	0	3785000	379	105	No	NA	LEFT_ARM	JU3125
V	3790000	3800000	0	3795000	380	105	No	NA	LEFT_ARM	JU3125
V	3800000	3810000	0	3805000	381	105	No	NA	LEFT_ARM	JU3125
V	3810000	3820000	1	3815000	382	105	No	NA	LEFT_ARM	JU3125
V	3820000	3830000	0	3825000	383	105	No	NA	LEFT_ARM	JU3125
V	3830000	3840000	0	3835000	384	105	No	NA	LEFT_ARM	JU3125
V	3840000	3850000	2	3845000	385	105	No	NA	LEFT_ARM	JU3125
V	3850000	3860000	0	3855000	386	105	No	NA	LEFT_ARM	JU3125
V	3860000	3870000	1	3865000	387	105	No	NA	LEFT_ARM	JU3125
V	3870000	3880000	4	3875000	388	105	No	NA	LEFT_ARM	JU3125
V	3880000	3890000	2	3885000	389	105	No	NA	LEFT_ARM	JU3125
V	3890000	3900000	0	3895000	390	105	No	NA	LEFT_ARM	JU3125
V	3900000	3910000	0	3905000	391	105	No	NA	LEFT_ARM	JU3125
V	3910000	3920000	0	3915000	392	105	No	NA	LEFT_ARM	JU3125
V	3920000	3930000	0	3925000	393	105	No	NA	LEFT_ARM	JU3125
V	3930000	3940000	0	3935000	394	105	No	NA	LEFT_ARM	JU3125
V	3940000	3950000	0	3945000	395	105	No	NA	LEFT_ARM	JU3125
V	3950000	3960000	0	3955000	396	105	No	NA	LEFT_ARM	JU3125
V	3960000	3970000	0	3965000	397	105	No	NA	LEFT_ARM	JU3125
V	3970000	3980000	0	3975000	398	105	No	NA	LEFT_ARM	JU3125
V	3980000	3990000	0	3985000	399	105	No	NA	LEFT_ARM	JU3125
V	3990000	4000000	1	3995000	400	105	No	NA	LEFT_ARM	JU3125
V	4000000	4010000	0	4005000	401	105	No	NA	LEFT_ARM	JU3125
V	4010000	4020000	0	4015000	402	105	No	NA	LEFT_ARM	JU3125
V	4020000	4030000	2	4025000	403	105	No	NA	LEFT_ARM	JU3125
V	4030000	4040000	1	4035000	404	105	No	NA	LEFT_ARM	JU3125
V	4040000	4050000	2	4045000	405	105	No	NA	LEFT_ARM	JU3125
V	4050000	4060000	0	4055000	406	105	No	NA	LEFT_ARM	JU3125
V	4060000	4070000	2	4065000	407	105	No	NA	LEFT_ARM	JU3125
V	4070000	4080000	0	4075000	408	105	No	NA	LEFT_ARM	JU3125
V	4080000	4090000	0	4085000	409	105	No	NA	LEFT_ARM	JU3125
V	4090000	4100000	0	4095000	410	105	No	NA	LEFT_ARM	JU3125
V	4100000	4110000	0	4105000	411	105	No	NA	LEFT_ARM	JU3125
V	4110000	4120000	0	4115000	412	105	No	NA	LEFT_ARM	JU3125
V	4120000	4130000	1	4125000	413	105	No	NA	LEFT_ARM	JU3125
V	4130000	4140000	2	4135000	414	105	No	NA	LEFT_ARM	JU3125
V	4140000	4150000	0	4145000	415	105	No	NA	LEFT_ARM	JU3125
V	4150000	4160000	4	4155000	416	105	No	NA	LEFT_ARM	JU3125
V	4160000	4170000	1	4165000	417	105	No	NA	LEFT_ARM	JU3125
V	4170000	4180000	1	4175000	418	105	No	NA	LEFT_ARM	JU3125
V	4180000	4190000	1	4185000	419	105	No	NA	LEFT_ARM	JU3125
V	4190000	4200000	1	4195000	420	105	No	NA	LEFT_ARM	JU3125
V	4200000	4210000	0	4205000	421	105	No	NA	LEFT_ARM	JU3125
V	4210000	4220000	0	4215000	422	105	No	NA	LEFT_ARM	JU3125
V	4220000	4230000	0	4225000	423	105	No	NA	LEFT_ARM	JU3125
V	4230000	4240000	0	4235000	424	105	No	NA	LEFT_ARM	JU3125
V	4240000	4250000	1	4245000	425	105	No	NA	LEFT_ARM	JU3125
V	4250000	4260000	0	4255000	426	105	No	NA	LEFT_ARM	JU3125
V	4260000	4270000	0	4265000	427	105	No	NA	LEFT_ARM	JU3125
V	4270000	4280000	0	4275000	428	105	No	NA	LEFT_ARM	JU3125
V	4280000	4290000	0	4285000	429	105	No	NA	LEFT_ARM	JU3125
V	4290000	4300000	1	4295000	430	105	No	NA	LEFT_ARM	JU3125
V	4300000	4310000	0	4305000	431	105	No	NA	LEFT_ARM	JU3125
V	4310000	4320000	0	4315000	432	105	No	NA	LEFT_ARM	JU3125
V	4320000	4330000	1	4325000	433	105	No	NA	LEFT_ARM	JU3125
V	4330000	4340000	1	4335000	434	105	No	NA	LEFT_ARM	JU3125
V	4340000	4350000	0	4345000	435	105	No	NA	LEFT_ARM	JU3125
V	4350000	4360000	2	4355000	436	105	No	NA	LEFT_ARM	JU3125
V	4360000	4370000	3	4365000	437	105	No	NA	LEFT_ARM	JU3125
V	4370000	4380000	0	4375000	438	105	No	NA	LEFT_ARM	JU3125
V	4380000	4390000	0	4385000	439	105	No	NA	LEFT_ARM	JU3125
V	4390000	4400000	2	4395000	440	105	No	NA	LEFT_ARM	JU3125
V	4400000	4410000	0	4405000	441	105	No	NA	LEFT_ARM	JU3125
V	4410000	4420000	0	4415000	442	105	No	NA	LEFT_ARM	JU3125
V	4420000	4430000	0	4425000	443	105	No	NA	LEFT_ARM	JU3125
V	4430000	4440000	0	4435000	444	105	No	NA	LEFT_ARM	JU3125
V	4440000	4450000	2	4445000	445	105	No	NA	LEFT_ARM	JU3125
V	4450000	4460000	0	4455000	446	105	No	NA	LEFT_ARM	JU3125
V	4460000	4470000	1	4465000	447	105	No	NA	LEFT_ARM	JU3125
V	4470000	4480000	1	4475000	448	105	No	NA	LEFT_ARM	JU3125
V	4480000	4490000	1	4485000	449	105	No	NA	LEFT_ARM	JU3125
V	4490000	4500000	2	4495000	450	105	No	NA	LEFT_ARM	JU3125
V	4500000	4510000	1	4505000	451	105	No	NA	LEFT_ARM	JU3125
V	4510000	4520000	2	4515000	452	105	No	NA	LEFT_ARM	JU3125
V	4520000	4530000	0	4525000	453	105	No	NA	LEFT_ARM	JU3125
V	4530000	4540000	0	4535000	454	105	No	NA	LEFT_ARM	JU3125
V	4540000	4550000	0	4545000	455	105	No	NA	LEFT_ARM	JU3125
V	4550000	4560000	2	4555000	456	105	No	NA	LEFT_ARM	JU3125
V	4560000	4570000	1	4565000	457	105	No	NA	LEFT_ARM	JU3125
V	4570000	4580000	0	4575000	458	105	No	NA	LEFT_ARM	JU3125
V	4580000	4590000	0	4585000	459	105	No	NA	LEFT_ARM	JU3125
V	4590000	4600000	1	4595000	460	105	No	NA	LEFT_ARM	JU3125
V	4600000	4610000	0	4605000	461	105	No	NA	LEFT_ARM	JU3125
V	4610000	4620000	0	4615000	462	105	No	NA	LEFT_ARM	JU3125
V	4620000	4630000	0	4625000	463	105	No	NA	LEFT_ARM	JU3125
V	4630000	4640000	1	4635000	464	105	No	NA	LEFT_ARM	JU3125
V	4640000	4650000	0	4645000	465	105	No	NA	LEFT_ARM	JU3125
V	4650000	4660000	0	4655000	466	105	No	NA	LEFT_ARM	JU3125
V	4660000	4670000	0	4665000	467	105	No	NA	LEFT_ARM	JU3125
V	4670000	4680000	0	4675000	468	105	No	NA	LEFT_ARM	JU3125
V	4680000	4690000	0	4685000	469	105	No	NA	LEFT_ARM	JU3125
V	4690000	4700000	0	4695000	470	105	No	NA	LEFT_ARM	JU3125
V	4700000	4710000	1	4705000	471	105	No	NA	LEFT_ARM	JU3125
V	4710000	4720000	0	4715000	472	105	No	NA	LEFT_ARM	JU3125
V	4720000	4730000	3	4725000	473	105	No	NA	LEFT_ARM	JU3125
V	4730000	4740000	0	4735000	474	105	No	NA	LEFT_ARM	JU3125
V	4740000	4750000	0	4745000	475	105	No	NA	LEFT_ARM	JU3125
V	4750000	4760000	0	4755000	476	105	No	NA	LEFT_ARM	JU3125
V	4760000	4770000	1	4765000	477	105	No	NA	LEFT_ARM	JU3125
V	4770000	4780000	1	4775000	478	105	No	NA	LEFT_ARM	JU3125
V	4780000	4790000	0	4785000	479	105	No	NA	LEFT_ARM	JU3125
V	4790000	4800000	1	4795000	480	105	No	NA	LEFT_ARM	JU3125
V	4800000	4810000	1	4805000	481	105	No	NA	LEFT_ARM	JU3125
V	4810000	4820000	0	4815000	482	105	No	NA	LEFT_ARM	JU3125
V	4820000	4830000	0	4825000	483	105	No	NA	LEFT_ARM	JU3125
V	4830000	4840000	0	4835000	484	105	No	NA	LEFT_ARM	JU3125
V	4840000	4850000	1	4845000	485	105	No	NA	LEFT_ARM	JU3125
V	4850000	4860000	0	4855000	486	105	No	NA	LEFT_ARM	JU3125
V	4860000	4870000	0	4865000	487	105	No	NA	LEFT_ARM	JU3125
V	4870000	4880000	0	4875000	488	105	No	NA	LEFT_ARM	JU3125
V	4880000	4890000	1	4885000	489	105	No	NA	LEFT_ARM	JU3125
V	4890000	4900000	0	4895000	490	105	No	NA	LEFT_ARM	JU3125
V	4900000	4910000	0	4905000	491	105	No	NA	LEFT_ARM	JU3125
V	4910000	4920000	1	4915000	492	105	No	NA	LEFT_ARM	JU3125
V	4920000	4930000	0	4925000	493	105	No	NA	LEFT_ARM	JU3125
V	4930000	4940000	0	4935000	494	105	No	NA	LEFT_ARM	JU3125
V	4940000	4950000	0	4945000	495	105	No	NA	LEFT_ARM	JU3125
V	4950000	4960000	0	4955000	496	105	No	NA	LEFT_ARM	JU3125
V	4960000	4970000	0	4965000	497	105	No	NA	LEFT_ARM	JU3125
V	4970000	4980000	0	4975000	498	105	No	NA	LEFT_ARM	JU3125
V	4980000	4990000	1	4985000	499	105	No	NA	LEFT_ARM	JU3125
V	4990000	5000000	0	4995000	500	105	No	NA	LEFT_ARM	JU3125
V	5000000	5010000	0	5005000	501	105	No	NA	LEFT_ARM	JU3125
V	5010000	5020000	0	5015000	502	105	No	NA	LEFT_ARM	JU3125
V	5020000	5030000	0	5025000	503	105	No	NA	LEFT_ARM	JU3125
V	5030000	5040000	0	5035000	504	105	No	NA	LEFT_ARM	JU3125
V	5040000	5050000	0	5045000	505	105	No	NA	LEFT_ARM	JU3125
V	5050000	5060000	0	5055000	506	105	No	NA	LEFT_ARM	JU3125
V	5060000	5070000	0	5065000	507	105	No	NA	LEFT_ARM	JU3125
V	5070000	5080000	3	5075000	508	105	No	NA	LEFT_ARM	JU3125
V	5080000	5090000	16	5085000	509	105	No	NA	LEFT_ARM	JU3125
V	5090000	5100000	0	5095000	510	105	No	NA	LEFT_ARM	JU3125
V	5100000	5110000	0	5105000	511	105	No	NA	LEFT_ARM	JU3125
V	5110000	5120000	0	5115000	512	105	No	NA	LEFT_ARM	JU3125
V	5120000	5130000	3	5125000	513	105	No	NA	LEFT_ARM	JU3125
V	5130000	5140000	0	5135000	514	105	No	NA	LEFT_ARM	JU3125
V	5140000	5150000	0	5145000	515	105	No	NA	LEFT_ARM	JU3125
V	5150000	5160000	1	5155000	516	105	No	NA	LEFT_ARM	JU3125
V	5160000	5170000	0	5165000	517	105	No	NA	LEFT_ARM	JU3125
V	5170000	5180000	0	5175000	518	105	No	NA	LEFT_ARM	JU3125
V	5180000	5190000	0	5185000	519	105	No	NA	LEFT_ARM	JU3125
V	5190000	5200000	0	5195000	520	105	No	NA	LEFT_ARM	JU3125
V	5200000	5210000	1	5205000	521	105	No	NA	LEFT_ARM	JU3125
V	5210000	5220000	0	5215000	522	105	No	NA	LEFT_ARM	JU3125
V	5220000	5230000	0	5225000	523	105	No	NA	LEFT_ARM	JU3125
V	5230000	5240000	2	5235000	524	105	No	NA	LEFT_ARM	JU3125
V	5240000	5250000	0	5245000	525	105	No	NA	LEFT_ARM	JU3125
V	5250000	5260000	1	5255000	526	105	No	NA	LEFT_ARM	JU3125
V	5260000	5270000	1	5265000	527	105	No	NA	LEFT_ARM	JU3125
V	5270000	5280000	0	5275000	528	105	No	NA	LEFT_ARM	JU3125
V	5280000	5290000	13	5285000	529	105	No	NA	LEFT_ARM	JU3125
V	5290000	5300000	0	5295000	530	105	No	NA	LEFT_ARM	JU3125
V	5300000	5310000	0	5305000	531	105	No	NA	LEFT_ARM	JU3125
V	5310000	5320000	6	5315000	532	105	No	NA	LEFT_ARM	JU3125
V	5320000	5330000	0	5325000	533	105	No	NA	LEFT_ARM	JU3125
V	5330000	5340000	0	5335000	534	105	No	NA	LEFT_ARM	JU3125
V	5340000	5350000	0	5345000	535	105	No	NA	LEFT_ARM	JU3125
V	5350000	5360000	0	5355000	536	105	No	NA	LEFT_ARM	JU3125
V	5360000	5370000	0	5365000	537	105	No	NA	LEFT_ARM	JU3125
V	5370000	5380000	0	5375000	538	105	No	NA	LEFT_ARM	JU3125
V	5380000	5390000	0	5385000	539	105	No	NA	LEFT_ARM	JU3125
V	5390000	5400000	1	5395000	540	105	No	NA	LEFT_ARM	JU3125
V	5400000	5410000	2	5405000	541	105	No	NA	LEFT_ARM	JU3125
V	5410000	5420000	1	5415000	542	105	No	NA	LEFT_ARM	JU3125
V	5420000	5430000	0	5425000	543	105	No	NA	LEFT_ARM	JU3125
V	5430000	5440000	0	5435000	544	105	No	NA	LEFT_ARM	JU3125
V	5440000	5450000	1	5445000	545	105	No	NA	LEFT_ARM	JU3125
V	5450000	5460000	0	5455000	546	105	No	NA	LEFT_ARM	JU3125
V	5460000	5470000	0	5465000	547	105	No	NA	LEFT_ARM	JU3125
V	5470000	5480000	0	5475000	548	105	No	NA	LEFT_ARM	JU3125
V	5480000	5490000	2	5485000	549	105	No	NA	LEFT_ARM	JU3125
V	5490000	5500000	0	5495000	550	105	No	NA	LEFT_ARM	JU3125
V	5500000	5510000	0	5505000	551	105	No	NA	LEFT_ARM	JU3125
V	5510000	5520000	0	5515000	552	105	No	NA	LEFT_ARM	JU3125
V	5520000	5530000	0	5525000	553	105	No	NA	LEFT_ARM	JU3125
V	5530000	5540000	0	5535000	554	105	No	NA	LEFT_ARM	JU3125
V	5540000	5550000	0	5545000	555	105	No	NA	LEFT_ARM	JU3125
V	5550000	5560000	0	5555000	556	105	No	NA	LEFT_ARM	JU3125
V	5560000	5570000	0	5565000	557	105	No	NA	LEFT_ARM	JU3125
V	5570000	5580000	0	5575000	558	105	No	NA	LEFT_ARM	JU3125
V	5580000	5590000	0	5585000	559	105	No	NA	LEFT_ARM	JU3125
V	5590000	5600000	0	5595000	560	105	No	NA	LEFT_ARM	JU3125
V	5600000	5610000	1	5605000	561	105	No	NA	LEFT_ARM	JU3125
V	5610000	5620000	1	5615000	562	105	No	NA	LEFT_ARM	JU3125
V	5620000	5630000	2	5625000	563	105	No	NA	LEFT_ARM	JU3125
V	5630000	5640000	1	5635000	564	105	No	NA	LEFT_ARM	JU3125
V	5640000	5650000	5	5645000	565	105	No	NA	LEFT_ARM	JU3125
V	5650000	5660000	1	5655000	566	105	No	NA	LEFT_ARM	JU3125
V	5660000	5670000	3	5665000	567	105	No	NA	LEFT_ARM	JU3125
V	5670000	5680000	0	5675000	568	105	No	NA	LEFT_ARM	JU3125
V	5680000	5690000	1	5685000	569	105	No	NA	LEFT_ARM	JU3125
V	5690000	5700000	1	5695000	570	105	No	NA	LEFT_ARM	JU3125
V	5700000	5710000	1	5705000	571	105	No	NA	LEFT_ARM	JU3125
V	5710000	5720000	0	5715000	572	105	No	NA	LEFT_ARM	JU3125
V	5720000	5730000	0	5725000	573	105	No	NA	LEFT_ARM	JU3125
V	5730000	5740000	0	5735000	574	105	No	NA	LEFT_ARM	JU3125
V	5740000	5750000	1	5745000	575	105	No	NA	LEFT_ARM	JU3125
V	5750000	5760000	0	5755000	576	105	No	NA	LEFT_ARM	JU3125
V	5760000	5770000	0	5765000	577	105	No	NA	LEFT_ARM	JU3125
V	5770000	5780000	1	5775000	578	105	No	NA	LEFT_ARM	JU3125
V	5780000	5790000	0	5785000	579	105	No	NA	LEFT_ARM	JU3125
V	5790000	5800000	0	5795000	580	105	No	NA	LEFT_ARM	JU3125
V	5800000	5810000	0	5805000	581	105	No	NA	LEFT_ARM	JU3125
V	5810000	5820000	0	5815000	582	105	No	NA	LEFT_ARM	JU3125
V	5820000	5830000	0	5825000	583	105	No	NA	LEFT_ARM	JU3125
V	5830000	5840000	0	5835000	584	105	No	NA	LEFT_ARM	JU3125
V	5840000	5850000	2	5845000	585	105	No	NA	LEFT_ARM	JU3125
V	5850000	5860000	1	5855000	586	105	No	NA	LEFT_ARM	JU3125
V	5860000	5870000	0	5865000	587	105	No	NA	LEFT_ARM	JU3125
V	5870000	5880000	0	5875000	588	105	No	NA	LEFT_ARM	JU3125
V	5880000	5890000	0	5885000	589	105	No	NA	LEFT_ARM	JU3125
V	5890000	5900000	0	5895000	590	105	No	NA	LEFT_ARM	JU3125
V	5900000	5910000	2	5905000	591	105	No	NA	CENTER	JU3125
V	5910000	5920000	0	5915000	592	105	No	NA	CENTER	JU3125
V	5920000	5930000	1	5925000	593	105	No	NA	CENTER	JU3125
V	5930000	5940000	0	5935000	594	105	No	NA	CENTER	JU3125
V	5940000	5950000	0	5945000	595	105	No	NA	CENTER	JU3125
V	5950000	5960000	0	5955000	596	105	No	NA	CENTER	JU3125
V	5960000	5970000	1	5965000	597	105	No	NA	CENTER	JU3125
V	5970000	5980000	0	5975000	598	105	No	NA	CENTER	JU3125
V	5980000	5990000	0	5985000	599	105	No	NA	CENTER	JU3125
V	5990000	6000000	0	5995000	600	105	No	NA	CENTER	JU3125
V	6000000	6010000	0	6005000	601	105	No	NA	CENTER	JU3125
V	6010000	6020000	0	6015000	602	105	No	NA	CENTER	JU3125
V	6020000	6030000	1	6025000	603	105	No	NA	CENTER	JU3125
V	6030000	6040000	7	6035000	604	105	No	NA	CENTER	JU3125
V	6040000	6050000	12	6045000	605	105	No	NA	CENTER	JU3125
V	6050000	6060000	0	6055000	606	105	No	NA	CENTER	JU3125
V	6060000	6070000	2	6065000	607	105	No	NA	CENTER	JU3125
V	6070000	6080000	6	6075000	608	105	No	NA	CENTER	JU3125
V	6080000	6090000	6	6085000	609	105	No	NA	CENTER	JU3125
V	6090000	6100000	5	6095000	610	105	No	NA	CENTER	JU3125
V	6100000	6110000	1	6105000	611	105	No	NA	CENTER	JU3125
V	6110000	6120000	0	6115000	612	105	No	NA	CENTER	JU3125
V	6120000	6130000	0	6125000	613	105	No	NA	CENTER	JU3125
V	6130000	6140000	1	6135000	614	105	No	NA	CENTER	JU3125
V	6140000	6150000	0	6145000	615	105	No	NA	CENTER	JU3125
V	6150000	6160000	1	6155000	616	105	No	NA	CENTER	JU3125
V	6160000	6170000	0	6165000	617	105	No	NA	CENTER	JU3125
V	6170000	6180000	16	6175000	618	105	No	NA	CENTER	JU3125
V	6180000	6190000	0	6185000	619	105	No	NA	CENTER	JU3125
V	6190000	6200000	0	6195000	620	105	No	NA	CENTER	JU3125
V	6200000	6210000	0	6205000	621	105	No	NA	CENTER	JU3125
V	6210000	6220000	0	6215000	622	105	No	NA	CENTER	JU3125
V	6220000	6230000	0	6225000	623	105	No	NA	CENTER	JU3125
V	6230000	6240000	0	6235000	624	105	No	NA	CENTER	JU3125
V	6240000	6250000	0	6245000	625	105	No	NA	CENTER	JU3125
V	6250000	6260000	1	6255000	626	105	No	NA	CENTER	JU3125
V	6260000	6270000	0	6265000	627	105	No	NA	CENTER	JU3125
V	6270000	6280000	0	6275000	628	105	No	NA	CENTER	JU3125
V	6280000	6290000	0	6285000	629	105	No	NA	CENTER	JU3125
V	6290000	6300000	1	6295000	630	105	No	NA	CENTER	JU3125
V	6300000	6310000	2	6305000	631	105	No	NA	CENTER	JU3125
V	6310000	6320000	1	6315000	632	105	No	NA	CENTER	JU3125
V	6320000	6330000	1	6325000	633	105	No	NA	CENTER	JU3125
V	6330000	6340000	1	6335000	634	105	No	NA	CENTER	JU3125
V	6340000	6350000	0	6345000	635	105	No	NA	CENTER	JU3125
V	6350000	6360000	0	6355000	636	105	No	NA	CENTER	JU3125
V	6360000	6370000	0	6365000	637	105	No	NA	CENTER	JU3125
V	6370000	6380000	1	6375000	638	105	No	NA	CENTER	JU3125
V	6380000	6390000	0	6385000	639	105	No	NA	CENTER	JU3125
V	6390000	6400000	0	6395000	640	105	No	NA	CENTER	JU3125
V	6400000	6410000	0	6405000	641	105	No	NA	CENTER	JU3125
V	6410000	6420000	0	6415000	642	105	No	NA	CENTER	JU3125
V	6420000	6430000	0	6425000	643	105	No	NA	CENTER	JU3125
V	6430000	6440000	0	6435000	644	105	No	NA	CENTER	JU3125
V	6440000	6450000	0	6445000	645	105	No	NA	CENTER	JU3125
V	6450000	6460000	0	6455000	646	105	No	NA	CENTER	JU3125
V	6460000	6470000	0	6465000	647	105	No	NA	CENTER	JU3125
V	6470000	6480000	3	6475000	648	105	No	NA	CENTER	JU3125
V	6480000	6490000	0	6485000	649	105	No	NA	CENTER	JU3125
V	6490000	6500000	0	6495000	650	105	No	NA	CENTER	JU3125
V	6500000	6510000	1	6505000	651	105	No	NA	CENTER	JU3125
V	6510000	6520000	0	6515000	652	105	No	NA	CENTER	JU3125
V	6520000	6530000	2	6525000	653	105	No	NA	CENTER	JU3125
V	6530000	6540000	0	6535000	654	105	No	NA	CENTER	JU3125
V	6540000	6550000	0	6545000	655	105	No	NA	CENTER	JU3125
V	6550000	6560000	0	6555000	656	105	No	NA	CENTER	JU3125
V	6560000	6570000	1	6565000	657	105	No	NA	CENTER	JU3125
V	6570000	6580000	2	6575000	658	105	No	NA	CENTER	JU3125
V	6580000	6590000	0	6585000	659	105	No	NA	CENTER	JU3125
V	6590000	6600000	0	6595000	660	105	No	NA	CENTER	JU3125
V	6600000	6610000	2	6605000	661	105	No	NA	CENTER	JU3125
V	6610000	6620000	0	6615000	662	105	No	NA	CENTER	JU3125
V	6620000	6630000	1	6625000	663	105	No	NA	CENTER	JU3125
V	6630000	6640000	0	6635000	664	105	No	NA	CENTER	JU3125
V	6640000	6650000	0	6645000	665	105	No	NA	CENTER	JU3125
V	6650000	6660000	0	6655000	666	105	No	NA	CENTER	JU3125
V	6660000	6670000	0	6665000	667	105	No	NA	CENTER	JU3125
V	6670000	6680000	1	6675000	668	105	No	NA	CENTER	JU3125
V	6680000	6690000	0	6685000	669	105	No	NA	CENTER	JU3125
V	6690000	6700000	3	6695000	670	105	No	NA	CENTER	JU3125
V	6700000	6710000	1	6705000	671	105	No	NA	CENTER	JU3125
V	6710000	6720000	1	6715000	672	105	No	NA	CENTER	JU3125
V	6720000	6730000	0	6725000	673	105	No	NA	CENTER	JU3125
V	6730000	6740000	0	6735000	674	105	No	NA	CENTER	JU3125
V	6740000	6750000	0	6745000	675	105	No	NA	CENTER	JU3125
V	6750000	6760000	0	6755000	676	105	No	NA	CENTER	JU3125
V	6760000	6770000	0	6765000	677	105	No	NA	CENTER	JU3125
V	6770000	6780000	0	6775000	678	105	No	NA	CENTER	JU3125
V	6780000	6790000	2	6785000	679	105	No	NA	CENTER	JU3125
V	6790000	6800000	0	6795000	680	105	No	NA	CENTER	JU3125
V	6800000	6810000	0	6805000	681	105	No	NA	CENTER	JU3125
V	6810000	6820000	0	6815000	682	105	No	NA	CENTER	JU3125
V	6820000	6830000	0	6825000	683	105	No	NA	CENTER	JU3125
V	6830000	6840000	0	6835000	684	105	No	NA	CENTER	JU3125
V	6840000	6850000	0	6845000	685	105	No	NA	CENTER	JU3125
V	6850000	6860000	0	6855000	686	105	No	NA	CENTER	JU3125
V	6860000	6870000	0	6865000	687	105	No	NA	CENTER	JU3125
V	6870000	6880000	1	6875000	688	105	No	NA	CENTER	JU3125
V	6880000	6890000	0	6885000	689	105	No	NA	CENTER	JU3125
V	6890000	6900000	1	6895000	690	105	No	NA	CENTER	JU3125
V	6900000	6910000	1	6905000	691	105	No	NA	CENTER	JU3125
V	6910000	6920000	0	6915000	692	105	No	NA	CENTER	JU3125
V	6920000	6930000	1	6925000	693	105	No	NA	CENTER	JU3125
V	6930000	6940000	0	6935000	694	105	No	NA	CENTER	JU3125
V	6940000	6950000	3	6945000	695	105	No	NA	CENTER	JU3125
V	6950000	6960000	0	6955000	696	105	No	NA	CENTER	JU3125
V	6960000	6970000	0	6965000	697	105	No	NA	CENTER	JU3125
V	6970000	6980000	1	6975000	698	105	No	NA	CENTER	JU3125
V	6980000	6990000	0	6985000	699	105	No	NA	CENTER	JU3125
V	6990000	7000000	1	6995000	700	105	No	NA	CENTER	JU3125
V	7000000	7010000	1	7005000	701	105	No	NA	CENTER	JU3125
V	7010000	7020000	1	7015000	702	105	No	NA	CENTER	JU3125
V	7020000	7030000	1	7025000	703	105	No	NA	CENTER	JU3125
V	7030000	7040000	1	7035000	704	105	No	NA	CENTER	JU3125
V	7040000	7050000	0	7045000	705	105	No	NA	CENTER	JU3125
V	7050000	7060000	0	7055000	706	105	No	NA	CENTER	JU3125
V	7060000	7070000	0	7065000	707	105	No	NA	CENTER	JU3125
V	7070000	7080000	0	7075000	708	105	No	NA	CENTER	JU3125
V	7080000	7090000	1	7085000	709	105	No	NA	CENTER	JU3125
V	7090000	7100000	0	7095000	710	105	No	NA	CENTER	JU3125
V	7100000	7110000	0	7105000	711	105	No	NA	CENTER	JU3125
V	7110000	7120000	0	7115000	712	105	No	NA	CENTER	JU3125
V	7120000	7130000	0	7125000	713	105	No	NA	CENTER	JU3125
V	7130000	7140000	0	7135000	714	105	No	NA	CENTER	JU3125
V	7140000	7150000	0	7145000	715	105	No	NA	CENTER	JU3125
V	7150000	7160000	0	7155000	716	105	No	NA	CENTER	JU3125
V	7160000	7170000	0	7165000	717	105	No	NA	CENTER	JU3125
V	7170000	7180000	0	7175000	718	105	No	NA	CENTER	JU3125
V	7180000	7190000	0	7185000	719	105	No	NA	CENTER	JU3125
V	7190000	7200000	1	7195000	720	105	No	NA	CENTER	JU3125
V	7200000	7210000	0	7205000	721	105	No	NA	CENTER	JU3125
V	7210000	7220000	1	7215000	722	105	No	NA	CENTER	JU3125
V	7220000	7230000	0	7225000	723	105	No	NA	CENTER	JU3125
V	7230000	7240000	1	7235000	724	105	No	NA	CENTER	JU3125
V	7240000	7250000	0	7245000	725	105	No	NA	CENTER	JU3125
V	7250000	7260000	0	7255000	726	105	No	NA	CENTER	JU3125
V	7260000	7270000	0	7265000	727	105	No	NA	CENTER	JU3125
V	7270000	7280000	1	7275000	728	105	No	NA	CENTER	JU3125
V	7280000	7290000	1	7285000	729	105	No	NA	CENTER	JU3125
V	7290000	7300000	0	7295000	730	105	No	NA	CENTER	JU3125
V	7300000	7310000	0	7305000	731	105	No	NA	CENTER	JU3125
V	7310000	7320000	0	7315000	732	105	No	NA	CENTER	JU3125
V	7320000	7330000	0	7325000	733	105	No	NA	CENTER	JU3125
V	7330000	7340000	0	7335000	734	105	No	NA	CENTER	JU3125
V	7340000	7350000	0	7345000	735	105	No	NA	CENTER	JU3125
V	7350000	7360000	0	7355000	736	105	No	NA	CENTER	JU3125
V	7360000	7370000	0	7365000	737	105	No	NA	CENTER	JU3125
V	7370000	7380000	1	7375000	738	105	No	NA	CENTER	JU3125
V	7380000	7390000	0	7385000	739	105	No	NA	CENTER	JU3125
V	7390000	7400000	1	7395000	740	105	No	NA	CENTER	JU3125
V	7400000	7410000	2	7405000	741	105	No	NA	CENTER	JU3125
V	7410000	7420000	0	7415000	742	105	No	NA	CENTER	JU3125
V	7420000	7430000	0	7425000	743	105	No	NA	CENTER	JU3125
V	7430000	7440000	0	7435000	744	105	No	NA	CENTER	JU3125
V	7440000	7450000	0	7445000	745	105	No	NA	CENTER	JU3125
V	7450000	7460000	0	7455000	746	105	No	NA	CENTER	JU3125
V	7460000	7470000	0	7465000	747	105	No	NA	CENTER	JU3125
V	7470000	7480000	0	7475000	748	105	No	NA	CENTER	JU3125
V	7480000	7490000	1	7485000	749	105	No	NA	CENTER	JU3125
V	7490000	7500000	0	7495000	750	105	No	NA	CENTER	JU3125
V	7500000	7510000	1	7505000	751	105	No	NA	CENTER	JU3125
V	7510000	7520000	0	7515000	752	105	No	NA	CENTER	JU3125
V	7520000	7530000	0	7525000	753	105	No	NA	CENTER	JU3125
V	7530000	7540000	0	7535000	754	105	No	NA	CENTER	JU3125
V	7540000	7550000	2	7545000	755	105	No	NA	CENTER	JU3125
V	7550000	7560000	1	7555000	756	105	No	NA	CENTER	JU3125
V	7560000	7570000	0	7565000	757	105	No	NA	CENTER	JU3125
V	7570000	7580000	0	7575000	758	105	No	NA	CENTER	JU3125
V	7580000	7590000	1	7585000	759	105	No	NA	CENTER	JU3125
V	7590000	7600000	2	7595000	760	105	No	NA	CENTER	JU3125
V	7600000	7610000	1	7605000	761	105	No	NA	CENTER	JU3125
V	7610000	7620000	0	7615000	762	105	No	NA	CENTER	JU3125
V	7620000	7630000	2	7625000	763	105	No	NA	CENTER	JU3125
V	7630000	7640000	0	7635000	764	105	No	NA	CENTER	JU3125
V	7640000	7650000	0	7645000	765	105	No	NA	CENTER	JU3125
V	7650000	7660000	0	7655000	766	105	No	NA	CENTER	JU3125
V	7660000	7670000	0	7665000	767	105	No	NA	CENTER	JU3125
V	7670000	7680000	0	7675000	768	105	No	NA	CENTER	JU3125
V	7680000	7690000	0	7685000	769	105	No	NA	CENTER	JU3125
V	7690000	7700000	0	7695000	770	105	No	NA	CENTER	JU3125
V	7700000	7710000	1	7705000	771	105	No	NA	CENTER	JU3125
V	7710000	7720000	1	7715000	772	105	No	NA	CENTER	JU3125
V	7720000	7730000	4	7725000	773	105	No	NA	CENTER	JU3125
V	7730000	7740000	0	7735000	774	105	No	NA	CENTER	JU3125
V	7740000	7750000	2	7745000	775	105	No	NA	CENTER	JU3125
V	7750000	7760000	0	7755000	776	105	No	NA	CENTER	JU3125
V	7760000	7770000	1	7765000	777	105	No	NA	CENTER	JU3125
V	7770000	7780000	3	7775000	778	105	No	NA	CENTER	JU3125
V	7780000	7790000	0	7785000	779	105	No	NA	CENTER	JU3125
V	7790000	7800000	1	7795000	780	105	No	NA	CENTER	JU3125
V	7800000	7810000	0	7805000	781	105	No	NA	CENTER	JU3125
V	7810000	7820000	1	7815000	782	105	No	NA	CENTER	JU3125
V	7820000	7830000	0	7825000	783	105	No	NA	CENTER	JU3125
V	7830000	7840000	0	7835000	784	105	No	NA	CENTER	JU3125
V	7840000	7850000	0	7845000	785	105	No	NA	CENTER	JU3125
V	7850000	7860000	0	7855000	786	105	No	NA	CENTER	JU3125
V	7860000	7870000	1	7865000	787	105	No	NA	CENTER	JU3125
V	7870000	7880000	0	7875000	788	105	No	NA	CENTER	JU3125
V	7880000	7890000	0	7885000	789	105	No	NA	CENTER	JU3125
V	7890000	7900000	0	7895000	790	105	No	NA	CENTER	JU3125
V	7900000	7910000	0	7905000	791	105	No	NA	CENTER	JU3125
V	7910000	7920000	3	7915000	792	105	No	NA	CENTER	JU3125
V	7920000	7930000	4	7925000	793	105	No	NA	CENTER	JU3125
V	7930000	7940000	0	7935000	794	105	No	NA	CENTER	JU3125
V	7940000	7950000	0	7945000	795	105	No	NA	CENTER	JU3125
V	7950000	7960000	0	7955000	796	105	No	NA	CENTER	JU3125
V	7960000	7970000	0	7965000	797	105	No	NA	CENTER	JU3125
V	7970000	7980000	0	7975000	798	105	No	NA	CENTER	JU3125
V	7980000	7990000	1	7985000	799	105	No	NA	CENTER	JU3125
V	7990000	8000000	2	7995000	800	105	No	NA	CENTER	JU3125
V	8000000	8010000	0	8005000	801	105	No	NA	CENTER	JU3125
V	8010000	8020000	0	8015000	802	105	No	NA	CENTER	JU3125
V	8020000	8030000	1	8025000	803	105	No	NA	CENTER	JU3125
V	8030000	8040000	1	8035000	804	105	No	NA	CENTER	JU3125
V	8040000	8050000	0	8045000	805	105	No	NA	CENTER	JU3125
V	8050000	8060000	1	8055000	806	105	No	NA	CENTER	JU3125
V	8060000	8070000	1	8065000	807	105	No	NA	CENTER	JU3125
V	8070000	8080000	4	8075000	808	105	No	NA	CENTER	JU3125
V	8080000	8090000	3	8085000	809	105	No	NA	CENTER	JU3125
V	8090000	8100000	0	8095000	810	105	No	NA	CENTER	JU3125
V	8100000	8110000	2	8105000	811	105	No	NA	CENTER	JU3125
V	8110000	8120000	0	8115000	812	105	No	NA	CENTER	JU3125
V	8120000	8130000	0	8125000	813	105	No	NA	CENTER	JU3125
V	8130000	8140000	0	8135000	814	105	No	NA	CENTER	JU3125
V	8140000	8150000	0	8145000	815	105	No	NA	CENTER	JU3125
V	8150000	8160000	1	8155000	816	105	No	NA	CENTER	JU3125
V	8160000	8170000	0	8165000	817	105	No	NA	CENTER	JU3125
V	8170000	8180000	0	8175000	818	105	No	NA	CENTER	JU3125
V	8180000	8190000	0	8185000	819	105	No	NA	CENTER	JU3125
V	8190000	8200000	3	8195000	820	105	No	NA	CENTER	JU3125
V	8200000	8210000	0	8205000	821	105	No	NA	CENTER	JU3125
V	8210000	8220000	0	8215000	822	105	No	NA	CENTER	JU3125
V	8220000	8230000	1	8225000	823	105	No	NA	CENTER	JU3125
V	8230000	8240000	0	8235000	824	105	No	NA	CENTER	JU3125
V	8240000	8250000	1	8245000	825	105	No	NA	CENTER	JU3125
V	8250000	8260000	0	8255000	826	105	No	NA	CENTER	JU3125
V	8260000	8270000	0	8265000	827	105	No	NA	CENTER	JU3125
V	8270000	8280000	1	8275000	828	105	No	NA	CENTER	JU3125
V	8280000	8290000	0	8285000	829	105	No	NA	CENTER	JU3125
V	8290000	8300000	0	8295000	830	105	No	NA	CENTER	JU3125
V	8300000	8310000	1	8305000	831	105	No	NA	CENTER	JU3125
V	8310000	8320000	0	8315000	832	105	No	NA	CENTER	JU3125
V	8320000	8330000	3	8325000	833	105	No	NA	CENTER	JU3125
V	8330000	8340000	0	8335000	834	105	No	NA	CENTER	JU3125
V	8340000	8350000	0	8345000	835	105	No	NA	CENTER	JU3125
V	8350000	8360000	0	8355000	836	105	No	NA	CENTER	JU3125
V	8360000	8370000	0	8365000	837	105	No	NA	CENTER	JU3125
V	8370000	8380000	0	8375000	838	105	No	NA	CENTER	JU3125
V	8380000	8390000	0	8385000	839	105	No	NA	CENTER	JU3125
V	8390000	8400000	0	8395000	840	105	No	NA	CENTER	JU3125
V	8400000	8410000	1	8405000	841	105	No	NA	CENTER	JU3125
V	8410000	8420000	0	8415000	842	105	No	NA	CENTER	JU3125
V	8420000	8430000	0	8425000	843	105	No	NA	CENTER	JU3125
V	8430000	8440000	0	8435000	844	105	No	NA	CENTER	JU3125
V	8440000	8450000	0	8445000	845	105	No	NA	CENTER	JU3125
V	8450000	8460000	0	8455000	846	105	No	NA	CENTER	JU3125
V	8460000	8470000	0	8465000	847	105	No	NA	CENTER	JU3125
V	8470000	8480000	0	8475000	848	105	No	NA	CENTER	JU3125
V	8480000	8490000	2	8485000	849	105	No	NA	CENTER	JU3125
V	8490000	8500000	1	8495000	850	105	No	NA	CENTER	JU3125
V	8500000	8510000	0	8505000	851	105	No	NA	CENTER	JU3125
V	8510000	8520000	0	8515000	852	105	No	NA	CENTER	JU3125
V	8520000	8530000	0	8525000	853	105	No	NA	CENTER	JU3125
V	8530000	8540000	0	8535000	854	105	No	NA	CENTER	JU3125
V	8540000	8550000	0	8545000	855	105	No	NA	CENTER	JU3125
V	8550000	8560000	1	8555000	856	105	No	NA	CENTER	JU3125
V	8560000	8570000	2	8565000	857	105	No	NA	CENTER	JU3125
V	8570000	8580000	0	8575000	858	105	No	NA	CENTER	JU3125
V	8580000	8590000	0	8585000	859	105	No	NA	CENTER	JU3125
V	8590000	8600000	0	8595000	860	105	No	NA	CENTER	JU3125
V	8600000	8610000	0	8605000	861	105	No	NA	CENTER	JU3125
V	8610000	8620000	1	8615000	862	105	No	NA	CENTER	JU3125
V	8620000	8630000	0	8625000	863	105	No	NA	CENTER	JU3125
V	8630000	8640000	1	8635000	864	105	No	NA	CENTER	JU3125
V	8640000	8650000	0	8645000	865	105	No	NA	CENTER	JU3125
V	8650000	8660000	0	8655000	866	105	No	NA	CENTER	JU3125
V	8660000	8670000	0	8665000	867	105	No	NA	CENTER	JU3125
V	8670000	8680000	0	8675000	868	105	No	NA	CENTER	JU3125
V	8680000	8690000	0	8685000	869	105	No	NA	CENTER	JU3125
V	8690000	8700000	0	8695000	870	105	No	NA	CENTER	JU3125
V	8700000	8710000	1	8705000	871	105	No	NA	CENTER	JU3125
V	8710000	8720000	0	8715000	872	105	No	NA	CENTER	JU3125
V	8720000	8730000	0	8725000	873	105	No	NA	CENTER	JU3125
V	8730000	8740000	0	8735000	874	105	No	NA	CENTER	JU3125
V	8740000	8750000	0	8745000	875	105	No	NA	CENTER	JU3125
V	8750000	8760000	4	8755000	876	105	No	NA	CENTER	JU3125
V	8760000	8770000	0	8765000	877	105	No	NA	CENTER	JU3125
V	8770000	8780000	0	8775000	878	105	No	NA	CENTER	JU3125
V	8780000	8790000	0	8785000	879	105	No	NA	CENTER	JU3125
V	8790000	8800000	0	8795000	880	105	No	NA	CENTER	JU3125
V	8800000	8810000	0	8805000	881	105	No	NA	CENTER	JU3125
V	8810000	8820000	0	8815000	882	105	No	NA	CENTER	JU3125
V	8820000	8830000	0	8825000	883	105	No	NA	CENTER	JU3125
V	8830000	8840000	0	8835000	884	105	No	NA	CENTER	JU3125
V	8840000	8850000	0	8845000	885	105	No	NA	CENTER	JU3125
V	8850000	8860000	0	8855000	886	105	No	NA	CENTER	JU3125
V	8860000	8870000	0	8865000	887	105	No	NA	CENTER	JU3125
V	8870000	8880000	0	8875000	888	105	No	NA	CENTER	JU3125
V	8880000	8890000	0	8885000	889	105	No	NA	CENTER	JU3125
V	8890000	8900000	0	8895000	890	105	No	NA	CENTER	JU3125
V	8900000	8910000	0	8905000	891	105	No	NA	CENTER	JU3125
V	8910000	8920000	0	8915000	892	105	No	NA	CENTER	JU3125
V	8920000	8930000	1	8925000	893	105	No	NA	CENTER	JU3125
V	8930000	8940000	0	8935000	894	105	No	NA	CENTER	JU3125
V	8940000	8950000	0	8945000	895	105	No	NA	CENTER	JU3125
V	8950000	8960000	0	8955000	896	105	No	NA	CENTER	JU3125
V	8960000	8970000	0	8965000	897	105	No	NA	CENTER	JU3125
V	8970000	8980000	0	8975000	898	105	No	NA	CENTER	JU3125
V	8980000	8990000	0	8985000	899	105	No	NA	CENTER	JU3125
V	8990000	9000000	0	8995000	900	105	No	NA	CENTER	JU3125
V	9000000	9010000	1	9005000	901	105	No	NA	CENTER	JU3125
V	9010000	9020000	0	9015000	902	105	No	NA	CENTER	JU3125
V	9020000	9030000	0	9025000	903	105	No	NA	CENTER	JU3125
V	9030000	9040000	1	9035000	904	105	No	NA	CENTER	JU3125
V	9040000	9050000	1	9045000	905	105	No	NA	CENTER	JU3125
V	9050000	9060000	1	9055000	906	105	No	NA	CENTER	JU3125
V	9060000	9070000	1	9065000	907	105	No	NA	CENTER	JU3125
V	9070000	9080000	0	9075000	908	105	No	NA	CENTER	JU3125
V	9080000	9090000	0	9085000	909	105	No	NA	CENTER	JU3125
V	9090000	9100000	0	9095000	910	105	No	NA	CENTER	JU3125
V	9100000	9110000	0	9105000	911	105	No	NA	CENTER	JU3125
V	9110000	9120000	0	9115000	912	105	No	NA	CENTER	JU3125
V	9120000	9130000	0	9125000	913	105	No	NA	CENTER	JU3125
V	9130000	9140000	0	9135000	914	105	No	NA	CENTER	JU3125
V	9140000	9150000	0	9145000	915	105	No	NA	CENTER	JU3125
V	9150000	9160000	0	9155000	916	105	No	NA	CENTER	JU3125
V	9160000	9170000	0	9165000	917	105	No	NA	CENTER	JU3125
V	9170000	9180000	0	9175000	918	105	No	NA	CENTER	JU3125
V	9180000	9190000	0	9185000	919	105	No	NA	CENTER	JU3125
V	9190000	9200000	1	9195000	920	105	No	NA	CENTER	JU3125
V	9200000	9210000	1	9205000	921	105	No	NA	CENTER	JU3125
V	9210000	9220000	0	9215000	922	105	No	NA	CENTER	JU3125
V	9220000	9230000	0	9225000	923	105	No	NA	CENTER	JU3125
V	9230000	9240000	0	9235000	924	105	No	NA	CENTER	JU3125
V	9240000	9250000	0	9245000	925	105	No	NA	CENTER	JU3125
V	9250000	9260000	0	9255000	926	105	No	NA	CENTER	JU3125
V	9260000	9270000	0	9265000	927	105	No	NA	CENTER	JU3125
V	9270000	9280000	0	9275000	928	105	No	NA	CENTER	JU3125
V	9280000	9290000	2	9285000	929	105	No	NA	CENTER	JU3125
V	9290000	9300000	1	9295000	930	105	No	NA	CENTER	JU3125
V	9300000	9310000	2	9305000	931	105	No	NA	CENTER	JU3125
V	9310000	9320000	0	9315000	932	105	No	NA	CENTER	JU3125
V	9320000	9330000	0	9325000	933	105	No	NA	CENTER	JU3125
V	9330000	9340000	2	9335000	934	105	No	NA	CENTER	JU3125
V	9340000	9350000	1	9345000	935	105	No	NA	CENTER	JU3125
V	9350000	9360000	0	9355000	936	105	No	NA	CENTER	JU3125
V	9360000	9370000	0	9365000	937	105	No	NA	CENTER	JU3125
V	9370000	9380000	0	9375000	938	105	No	NA	CENTER	JU3125
V	9380000	9390000	0	9385000	939	105	No	NA	CENTER	JU3125
V	9390000	9400000	0	9395000	940	105	No	NA	CENTER	JU3125
V	9400000	9410000	0	9405000	941	105	No	NA	CENTER	JU3125
V	9410000	9420000	0	9415000	942	105	No	NA	CENTER	JU3125
V	9420000	9430000	0	9425000	943	105	No	NA	CENTER	JU3125
V	9430000	9440000	1	9435000	944	105	No	NA	CENTER	JU3125
V	9440000	9450000	0	9445000	945	105	No	NA	CENTER	JU3125
V	9450000	9460000	0	9455000	946	105	No	NA	CENTER	JU3125
V	9460000	9470000	1	9465000	947	105	No	NA	CENTER	JU3125
V	9470000	9480000	0	9475000	948	105	No	NA	CENTER	JU3125
V	9480000	9490000	0	9485000	949	105	No	NA	CENTER	JU3125
V	9490000	9500000	0	9495000	950	105	No	NA	CENTER	JU3125
V	9500000	9510000	0	9505000	951	105	No	NA	CENTER	JU3125
V	9510000	9520000	0	9515000	952	105	No	NA	CENTER	JU3125
V	9520000	9530000	1	9525000	953	105	No	NA	CENTER	JU3125
V	9530000	9540000	0	9535000	954	105	No	NA	CENTER	JU3125
V	9540000	9550000	0	9545000	955	105	No	NA	CENTER	JU3125
V	9550000	9560000	1	9555000	956	105	No	NA	CENTER	JU3125
V	9560000	9570000	0	9565000	957	105	No	NA	CENTER	JU3125
V	9570000	9580000	0	9575000	958	105	No	NA	CENTER	JU3125
V	9580000	9590000	1	9585000	959	105	No	NA	CENTER	JU3125
V	9590000	9600000	0	9595000	960	105	No	NA	CENTER	JU3125
V	9600000	9610000	8	9605000	961	105	No	NA	CENTER	JU3125
V	9610000	9620000	0	9615000	962	105	No	NA	CENTER	JU3125
V	9620000	9630000	0	9625000	963	105	No	NA	CENTER	JU3125
V	9630000	9640000	0	9635000	964	105	No	NA	CENTER	JU3125
V	9640000	9650000	0	9645000	965	105	No	NA	CENTER	JU3125
V	9650000	9660000	0	9655000	966	105	No	NA	CENTER	JU3125
V	9660000	9670000	0	9665000	967	105	No	NA	CENTER	JU3125
V	9670000	9680000	0	9675000	968	105	No	NA	CENTER	JU3125
V	9680000	9690000	0	9685000	969	105	No	NA	CENTER	JU3125
V	9690000	9700000	0	9695000	970	105	No	NA	CENTER	JU3125
V	9700000	9710000	0	9705000	971	105	No	NA	CENTER	JU3125
V	9710000	9720000	0	9715000	972	105	No	NA	CENTER	JU3125
V	9720000	9730000	0	9725000	973	105	No	NA	CENTER	JU3125
V	9730000	9740000	0	9735000	974	105	No	NA	CENTER	JU3125
V	9740000	9750000	1	9745000	975	105	No	NA	CENTER	JU3125
V	9750000	9760000	1	9755000	976	105	No	NA	CENTER	JU3125
V	9760000	9770000	0	9765000	977	105	No	NA	CENTER	JU3125
V	9770000	9780000	0	9775000	978	105	No	NA	CENTER	JU3125
V	9780000	9790000	0	9785000	979	105	No	NA	CENTER	JU3125
V	9790000	9800000	1	9795000	980	105	No	NA	CENTER	JU3125
V	9800000	9810000	0	9805000	981	105	No	NA	CENTER	JU3125
V	9810000	9820000	0	9815000	982	105	No	NA	CENTER	JU3125
V	9820000	9830000	0	9825000	983	105	No	NA	CENTER	JU3125
V	9830000	9840000	0	9835000	984	105	No	NA	CENTER	JU3125
V	9840000	9850000	0	9845000	985	105	No	NA	CENTER	JU3125
V	9850000	9860000	1	9855000	986	105	No	NA	CENTER	JU3125
V	9860000	9870000	1	9865000	987	105	No	NA	CENTER	JU3125
V	9870000	9880000	0	9875000	988	105	No	NA	CENTER	JU3125
V	9880000	9890000	0	9885000	989	105	No	NA	CENTER	JU3125
V	9890000	9900000	1	9895000	990	105	No	NA	CENTER	JU3125
V	9900000	9910000	0	9905000	991	105	No	NA	CENTER	JU3125
V	9910000	9920000	2	9915000	992	105	No	NA	CENTER	JU3125
V	9920000	9930000	0	9925000	993	105	No	NA	CENTER	JU3125
V	9930000	9940000	0	9935000	994	105	No	NA	CENTER	JU3125
V	9940000	9950000	0	9945000	995	105	No	NA	CENTER	JU3125
V	9950000	9960000	1	9955000	996	105	No	NA	CENTER	JU3125
V	9960000	9970000	0	9965000	997	105	No	NA	CENTER	JU3125
V	9970000	9980000	0	9975000	998	105	No	NA	CENTER	JU3125
V	9980000	9990000	1	9985000	999	105	No	NA	CENTER	JU3125
V	9990000	10000000	1	9995000	1000	105	No	NA	CENTER	JU3125
V	10000000	10010000	0	10005000	1001	105	No	NA	CENTER	JU3125
V	10010000	10020000	0	10015000	1002	105	No	NA	CENTER	JU3125
V	10020000	10030000	0	10025000	1003	105	No	NA	CENTER	JU3125
V	10030000	10040000	0	10035000	1004	105	No	NA	CENTER	JU3125
V	10040000	10050000	0	10045000	1005	105	No	NA	CENTER	JU3125
V	10050000	10060000	0	10055000	1006	105	No	NA	CENTER	JU3125
V	10060000	10070000	0	10065000	1007	105	No	NA	CENTER	JU3125
V	10070000	10080000	0	10075000	1008	105	No	NA	CENTER	JU3125
V	10080000	10090000	0	10085000	1009	105	No	NA	CENTER	JU3125
V	10090000	10100000	0	10095000	1010	105	No	NA	CENTER	JU3125
V	10100000	10110000	0	10105000	1011	105	No	NA	CENTER	JU3125
V	10110000	10120000	0	10115000	1012	105	No	NA	CENTER	JU3125
V	10120000	10130000	0	10125000	1013	105	No	NA	CENTER	JU3125
V	10130000	10140000	1	10135000	1014	105	No	NA	CENTER	JU3125
V	10140000	10150000	0	10145000	1015	105	No	NA	CENTER	JU3125
V	10150000	10160000	0	10155000	1016	105	No	NA	CENTER	JU3125
V	10160000	10170000	0	10165000	1017	105	No	NA	CENTER	JU3125
V	10170000	10180000	0	10175000	1018	105	No	NA	CENTER	JU3125
V	10180000	10190000	0	10185000	1019	105	No	NA	CENTER	JU3125
V	10190000	10200000	1	10195000	1020	105	No	NA	CENTER	JU3125
V	10200000	10210000	0	10205000	1021	105	No	NA	CENTER	JU3125
V	10210000	10220000	0	10215000	1022	105	No	NA	CENTER	JU3125
V	10220000	10230000	0	10225000	1023	105	No	NA	CENTER	JU3125
V	10230000	10240000	2	10235000	1024	105	No	NA	CENTER	JU3125
V	10240000	10250000	2	10245000	1025	105	No	NA	CENTER	JU3125
V	10250000	10260000	1	10255000	1026	105	No	NA	CENTER	JU3125
V	10260000	10270000	1	10265000	1027	105	No	NA	CENTER	JU3125
V	10270000	10280000	0	10275000	1028	105	No	NA	CENTER	JU3125
V	10280000	10290000	0	10285000	1029	105	No	NA	CENTER	JU3125
V	10290000	10300000	0	10295000	1030	105	No	NA	CENTER	JU3125
V	10300000	10310000	0	10305000	1031	105	No	NA	CENTER	JU3125
V	10310000	10320000	0	10315000	1032	105	No	NA	CENTER	JU3125
V	10320000	10330000	0	10325000	1033	105	No	NA	CENTER	JU3125
V	10330000	10340000	0	10335000	1034	105	No	NA	CENTER	JU3125
V	10340000	10350000	0	10345000	1035	105	No	NA	CENTER	JU3125
V	10350000	10360000	0	10355000	1036	105	No	NA	CENTER	JU3125
V	10360000	10370000	0	10365000	1037	105	No	NA	CENTER	JU3125
V	10370000	10380000	1	10375000	1038	105	No	NA	CENTER	JU3125
V	10380000	10390000	0	10385000	1039	105	No	NA	CENTER	JU3125
V	10390000	10400000	0	10395000	1040	105	No	NA	CENTER	JU3125
V	10400000	10410000	1	10405000	1041	105	No	NA	CENTER	JU3125
V	10410000	10420000	2	10415000	1042	105	No	NA	CENTER	JU3125
V	10420000	10430000	0	10425000	1043	105	No	NA	CENTER	JU3125
V	10430000	10440000	0	10435000	1044	105	No	NA	CENTER	JU3125
V	10440000	10450000	8	10445000	1045	105	No	NA	CENTER	JU3125
V	10450000	10460000	1	10455000	1046	105	No	NA	CENTER	JU3125
V	10460000	10470000	1	10465000	1047	105	No	NA	CENTER	JU3125
V	10470000	10480000	2	10475000	1048	105	No	NA	CENTER	JU3125
V	10480000	10490000	1	10485000	1049	105	No	NA	CENTER	JU3125
V	10490000	10500000	0	10495000	1050	105	No	NA	CENTER	JU3125
V	10500000	10510000	0	10505000	1051	105	No	NA	CENTER	JU3125
V	10510000	10520000	1	10515000	1052	105	No	NA	CENTER	JU3125
V	10520000	10530000	0	10525000	1053	105	No	NA	CENTER	JU3125
V	10530000	10540000	0	10535000	1054	105	No	NA	CENTER	JU3125
V	10540000	10550000	0	10545000	1055	105	No	NA	CENTER	JU3125
V	10550000	10560000	0	10555000	1056	105	No	NA	CENTER	JU3125
V	10560000	10570000	0	10565000	1057	105	No	NA	CENTER	JU3125
V	10570000	10580000	0	10575000	1058	105	No	NA	CENTER	JU3125
V	10580000	10590000	0	10585000	1059	105	No	NA	CENTER	JU3125
V	10590000	10600000	0	10595000	1060	105	No	NA	CENTER	JU3125
V	10600000	10610000	1	10605000	1061	105	No	NA	CENTER	JU3125
V	10610000	10620000	1	10615000	1062	105	No	NA	CENTER	JU3125
V	10620000	10630000	0	10625000	1063	105	No	NA	CENTER	JU3125
V	10630000	10640000	0	10635000	1064	105	No	NA	CENTER	JU3125
V	10640000	10650000	0	10645000	1065	105	No	NA	CENTER	JU3125
V	10650000	10660000	0	10655000	1066	105	No	NA	CENTER	JU3125
V	10660000	10670000	0	10665000	1067	105	No	NA	CENTER	JU3125
V	10670000	10680000	0	10675000	1068	105	No	NA	CENTER	JU3125
V	10680000	10690000	0	10685000	1069	105	No	NA	CENTER	JU3125
V	10690000	10700000	2	10695000	1070	105	No	NA	CENTER	JU3125
V	10700000	10710000	0	10705000	1071	105	No	NA	CENTER	JU3125
V	10710000	10720000	0	10715000	1072	105	No	NA	CENTER	JU3125
V	10720000	10730000	0	10725000	1073	105	No	NA	CENTER	JU3125
V	10730000	10740000	0	10735000	1074	105	No	NA	CENTER	JU3125
V	10740000	10750000	0	10745000	1075	105	No	NA	CENTER	JU3125
V	10750000	10760000	1	10755000	1076	105	No	NA	CENTER	JU3125
V	10760000	10770000	0	10765000	1077	105	No	NA	CENTER	JU3125
V	10770000	10780000	0	10775000	1078	105	No	NA	CENTER	JU3125
V	10780000	10790000	0	10785000	1079	105	No	NA	CENTER	JU3125
V	10790000	10800000	1	10795000	1080	105	No	NA	CENTER	JU3125
V	10800000	10810000	0	10805000	1081	105	No	NA	CENTER	JU3125
V	10810000	10820000	6	10815000	1082	105	No	NA	CENTER	JU3125
V	10820000	10830000	0	10825000	1083	105	No	NA	CENTER	JU3125
V	10830000	10840000	0	10835000	1084	105	No	NA	CENTER	JU3125
V	10840000	10850000	1	10845000	1085	105	No	NA	CENTER	JU3125
V	10850000	10860000	2	10855000	1086	105	No	NA	CENTER	JU3125
V	10860000	10870000	7	10865000	1087	105	No	NA	CENTER	JU3125
V	10870000	10880000	0	10875000	1088	105	No	NA	CENTER	JU3125
V	10880000	10890000	0	10885000	1089	105	No	NA	CENTER	JU3125
V	10890000	10900000	1	10895000	1090	105	No	NA	CENTER	JU3125
V	10900000	10910000	0	10905000	1091	105	No	NA	CENTER	JU3125
V	10910000	10920000	0	10915000	1092	105	No	NA	CENTER	JU3125
V	10920000	10930000	0	10925000	1093	105	No	NA	CENTER	JU3125
V	10930000	10940000	0	10935000	1094	105	No	NA	CENTER	JU3125
V	10940000	10950000	1	10945000	1095	105	No	NA	CENTER	JU3125
V	10950000	10960000	2	10955000	1096	105	No	NA	CENTER	JU3125
V	10960000	10970000	0	10965000	1097	105	No	NA	CENTER	JU3125
V	10970000	10980000	0	10975000	1098	105	No	NA	CENTER	JU3125
V	10980000	10990000	0	10985000	1099	105	No	NA	CENTER	JU3125
V	10990000	11000000	0	10995000	1100	105	No	NA	CENTER	JU3125
V	11000000	11010000	0	11005000	1101	105	No	NA	CENTER	JU3125
V	11010000	11020000	1	11015000	1102	105	No	NA	CENTER	JU3125
V	11020000	11030000	3	11025000	1103	105	No	NA	CENTER	JU3125
V	11030000	11040000	0	11035000	1104	105	No	NA	CENTER	JU3125
V	11040000	11050000	0	11045000	1105	105	No	NA	CENTER	JU3125
V	11050000	11060000	0	11055000	1106	105	No	NA	CENTER	JU3125
V	11060000	11070000	1	11065000	1107	105	No	NA	CENTER	JU3125
V	11070000	11080000	1	11075000	1108	105	No	NA	CENTER	JU3125
V	11080000	11090000	0	11085000	1109	105	No	NA	CENTER	JU3125
V	11090000	11100000	0	11095000	1110	105	No	NA	CENTER	JU3125
V	11100000	11110000	0	11105000	1111	105	No	NA	CENTER	JU3125
V	11110000	11120000	0	11115000	1112	105	No	NA	CENTER	JU3125
V	11120000	11130000	0	11125000	1113	105	No	NA	CENTER	JU3125
V	11130000	11140000	1	11135000	1114	105	No	NA	CENTER	JU3125
V	11140000	11150000	0	11145000	1115	105	No	NA	CENTER	JU3125
V	11150000	11160000	0	11155000	1116	105	No	NA	CENTER	JU3125
V	11160000	11170000	1	11165000	1117	105	No	NA	CENTER	JU3125
V	11170000	11180000	0	11175000	1118	105	No	NA	CENTER	JU3125
V	11180000	11190000	0	11185000	1119	105	No	NA	CENTER	JU3125
V	11190000	11200000	0	11195000	1120	105	No	NA	CENTER	JU3125
V	11200000	11210000	0	11205000	1121	105	No	NA	CENTER	JU3125
V	11210000	11220000	1	11215000	1122	105	No	NA	CENTER	JU3125
V	11220000	11230000	1	11225000	1123	105	No	NA	CENTER	JU3125
V	11230000	11240000	0	11235000	1124	105	No	NA	CENTER	JU3125
V	11240000	11250000	0	11245000	1125	105	No	NA	CENTER	JU3125
V	11250000	11260000	0	11255000	1126	105	No	NA	CENTER	JU3125
V	11260000	11270000	1	11265000	1127	105	No	NA	CENTER	JU3125
V	11270000	11280000	0	11275000	1128	105	No	NA	CENTER	JU3125
V	11280000	11290000	0	11285000	1129	105	No	NA	CENTER	JU3125
V	11290000	11300000	0	11295000	1130	105	No	NA	CENTER	JU3125
V	11300000	11310000	0	11305000	1131	105	No	NA	CENTER	JU3125
V	11310000	11320000	0	11315000	1132	105	No	NA	CENTER	JU3125
V	11320000	11330000	0	11325000	1133	105	No	NA	CENTER	JU3125
V	11330000	11340000	0	11335000	1134	105	No	NA	CENTER	JU3125
V	11340000	11350000	0	11345000	1135	105	No	NA	CENTER	JU3125
V	11350000	11360000	0	11355000	1136	105	No	NA	CENTER	JU3125
V	11360000	11370000	0	11365000	1137	105	No	NA	CENTER	JU3125
V	11370000	11380000	1	11375000	1138	105	No	NA	CENTER	JU3125
V	11380000	11390000	0	11385000	1139	105	No	NA	CENTER	JU3125
V	11390000	11400000	0	11395000	1140	105	No	NA	CENTER	JU3125
V	11400000	11410000	1	11405000	1141	105	No	NA	CENTER	JU3125
V	11410000	11420000	0	11415000	1142	105	No	NA	CENTER	JU3125
V	11420000	11430000	0	11425000	1143	105	No	NA	CENTER	JU3125
V	11430000	11440000	0	11435000	1144	105	No	NA	CENTER	JU3125
V	11440000	11450000	0	11445000	1145	105	No	NA	CENTER	JU3125
V	11450000	11460000	0	11455000	1146	105	No	NA	CENTER	JU3125
V	11460000	11470000	0	11465000	1147	105	No	NA	CENTER	JU3125
V	11470000	11480000	0	11475000	1148	105	No	NA	CENTER	JU3125
V	11480000	11490000	0	11485000	1149	105	No	NA	CENTER	JU3125
V	11490000	11500000	1	11495000	1150	105	No	NA	CENTER	JU3125
V	11500000	11510000	4	11505000	1151	105	No	NA	CENTER	JU3125
V	11510000	11520000	0	11515000	1152	105	No	NA	CENTER	JU3125
V	11520000	11530000	0	11525000	1153	105	No	NA	CENTER	JU3125
V	11530000	11540000	0	11535000	1154	105	No	NA	CENTER	JU3125
V	11540000	11550000	0	11545000	1155	105	No	NA	CENTER	JU3125
V	11550000	11560000	0	11555000	1156	105	No	NA	CENTER	JU3125
V	11560000	11570000	0	11565000	1157	105	No	NA	CENTER	JU3125
V	11570000	11580000	0	11575000	1158	105	No	NA	CENTER	JU3125
V	11580000	11590000	0	11585000	1159	105	No	NA	CENTER	JU3125
V	11590000	11600000	0	11595000	1160	105	No	NA	CENTER	JU3125
V	11600000	11610000	0	11605000	1161	105	No	NA	CENTER	JU3125
V	11610000	11620000	0	11615000	1162	105	No	NA	CENTER	JU3125
V	11620000	11630000	0	11625000	1163	105	No	NA	CENTER	JU3125
V	11630000	11640000	0	11635000	1164	105	No	NA	CENTER	JU3125
V	11640000	11650000	1	11645000	1165	105	No	NA	CENTER	JU3125
V	11650000	11660000	1	11655000	1166	105	No	NA	CENTER	JU3125
V	11660000	11670000	1	11665000	1167	105	No	NA	CENTER	JU3125
V	11670000	11680000	0	11675000	1168	105	No	NA	CENTER	JU3125
V	11680000	11690000	1	11685000	1169	105	No	NA	CENTER	JU3125
V	11690000	11700000	0	11695000	1170	105	No	NA	CENTER	JU3125
V	11700000	11710000	0	11705000	1171	105	No	NA	CENTER	JU3125
V	11710000	11720000	0	11715000	1172	105	No	NA	CENTER	JU3125
V	11720000	11730000	0	11725000	1173	105	No	NA	CENTER	JU3125
V	11730000	11740000	0	11735000	1174	105	No	NA	CENTER	JU3125
V	11740000	11750000	1	11745000	1175	105	No	NA	CENTER	JU3125
V	11750000	11760000	1	11755000	1176	105	No	NA	CENTER	JU3125
V	11760000	11770000	0	11765000	1177	105	No	NA	CENTER	JU3125
V	11770000	11780000	0	11775000	1178	105	No	NA	CENTER	JU3125
V	11780000	11790000	0	11785000	1179	105	No	NA	CENTER	JU3125
V	11790000	11800000	0	11795000	1180	105	No	NA	CENTER	JU3125
V	11800000	11810000	0	11805000	1181	105	No	NA	CENTER	JU3125
V	11810000	11820000	7	11815000	1182	105	No	NA	CENTER	JU3125
V	11820000	11830000	2	11825000	1183	105	No	NA	CENTER	JU3125
V	11830000	11840000	0	11835000	1184	105	No	NA	CENTER	JU3125
V	11840000	11850000	1	11845000	1185	105	No	NA	CENTER	JU3125
V	11850000	11860000	0	11855000	1186	105	No	NA	CENTER	JU3125
V	11860000	11870000	1	11865000	1187	105	No	NA	CENTER	JU3125
V	11870000	11880000	0	11875000	1188	105	No	NA	CENTER	JU3125
V	11880000	11890000	1	11885000	1189	105	No	NA	CENTER	JU3125
V	11890000	11900000	0	11895000	1190	105	No	NA	CENTER	JU3125
V	11900000	11910000	0	11905000	1191	105	No	NA	CENTER	JU3125
V	11910000	11920000	0	11915000	1192	105	No	NA	CENTER	JU3125
V	11920000	11930000	0	11925000	1193	105	No	NA	CENTER	JU3125
V	11930000	11940000	1	11935000	1194	105	No	NA	CENTER	JU3125
V	11940000	11950000	0	11945000	1195	105	No	NA	CENTER	JU3125
V	11950000	11960000	1	11955000	1196	105	No	NA	CENTER	JU3125
V	11960000	11970000	0	11965000	1197	105	No	NA	CENTER	JU3125
V	11970000	11980000	0	11975000	1198	105	No	NA	CENTER	JU3125
V	11980000	11990000	0	11985000	1199	105	No	NA	CENTER	JU3125
V	11990000	12000000	1	11995000	1200	105	No	NA	CENTER	JU3125
V	12000000	12010000	0	12005000	1201	105	No	NA	CENTER	JU3125
V	12010000	12020000	0	12015000	1202	105	No	NA	CENTER	JU3125
V	12020000	12030000	0	12025000	1203	105	No	NA	CENTER	JU3125
V	12030000	12040000	2	12035000	1204	105	No	NA	CENTER	JU3125
V	12040000	12050000	0	12045000	1205	105	No	NA	CENTER	JU3125
V	12050000	12060000	0	12055000	1206	105	No	NA	CENTER	JU3125
V	12060000	12070000	0	12065000	1207	105	No	NA	CENTER	JU3125
V	12070000	12080000	0	12075000	1208	105	No	NA	CENTER	JU3125
V	12080000	12090000	0	12085000	1209	105	No	NA	CENTER	JU3125
V	12090000	12100000	0	12095000	1210	105	No	NA	CENTER	JU3125
V	12100000	12110000	0	12105000	1211	105	No	NA	CENTER	JU3125
V	12110000	12120000	0	12115000	1212	105	No	NA	CENTER	JU3125
V	12120000	12130000	0	12125000	1213	105	No	NA	CENTER	JU3125
V	12130000	12140000	0	12135000	1214	105	No	NA	CENTER	JU3125
V	12140000	12150000	0	12145000	1215	105	No	NA	CENTER	JU3125
V	12150000	12160000	1	12155000	1216	105	No	NA	CENTER	JU3125
V	12160000	12170000	1	12165000	1217	105	No	NA	CENTER	JU3125
V	12170000	12180000	0	12175000	1218	105	No	NA	CENTER	JU3125
V	12180000	12190000	0	12185000	1219	105	No	NA	CENTER	JU3125
V	12190000	12200000	2	12195000	1220	105	No	NA	CENTER	JU3125
V	12200000	12210000	0	12205000	1221	105	No	NA	CENTER	JU3125
V	12210000	12220000	0	12215000	1222	105	No	NA	CENTER	JU3125
V	12220000	12230000	0	12225000	1223	105	No	NA	CENTER	JU3125
V	12230000	12240000	0	12235000	1224	105	No	NA	CENTER	JU3125
V	12240000	12250000	1	12245000	1225	105	No	NA	CENTER	JU3125
V	12250000	12260000	0	12255000	1226	105	No	NA	CENTER	JU3125
V	12260000	12270000	0	12265000	1227	105	No	NA	CENTER	JU3125
V	12270000	12280000	0	12275000	1228	105	No	NA	CENTER	JU3125
V	12280000	12290000	0	12285000	1229	105	No	NA	CENTER	JU3125
V	12290000	12300000	1	12295000	1230	105	No	NA	CENTER	JU3125
V	12300000	12310000	0	12305000	1231	105	No	NA	CENTER	JU3125
V	12310000	12320000	0	12315000	1232	105	No	NA	CENTER	JU3125
V	12320000	12330000	0	12325000	1233	105	No	NA	CENTER	JU3125
V	12330000	12340000	1	12335000	1234	105	No	NA	CENTER	JU3125
V	12340000	12350000	0	12345000	1235	105	No	NA	CENTER	JU3125
V	12350000	12360000	1	12355000	1236	105	No	NA	CENTER	JU3125
V	12360000	12370000	0	12365000	1237	105	No	NA	CENTER	JU3125
V	12370000	12380000	2	12375000	1238	105	No	NA	CENTER	JU3125
V	12380000	12390000	0	12385000	1239	105	No	NA	CENTER	JU3125
V	12390000	12400000	1	12395000	1240	105	No	NA	CENTER	JU3125
V	12400000	12410000	0	12405000	1241	105	No	NA	CENTER	JU3125
V	12410000	12420000	0	12415000	1242	105	No	NA	CENTER	JU3125
V	12420000	12430000	0	12425000	1243	105	No	NA	CENTER	JU3125
V	12430000	12440000	0	12435000	1244	105	No	NA	CENTER	JU3125
V	12440000	12450000	0	12445000	1245	105	No	NA	CENTER	JU3125
V	12450000	12460000	0	12455000	1246	105	No	NA	CENTER	JU3125
V	12460000	12470000	0	12465000	1247	105	No	NA	CENTER	JU3125
V	12470000	12480000	0	12475000	1248	105	No	NA	CENTER	JU3125
V	12480000	12490000	0	12485000	1249	105	No	NA	CENTER	JU3125
V	12490000	12500000	0	12495000	1250	105	No	NA	CENTER	JU3125
V	12500000	12510000	1	12505000	1251	105	No	NA	CENTER	JU3125
V	12510000	12520000	3	12515000	1252	105	No	NA	CENTER	JU3125
V	12520000	12530000	1	12525000	1253	105	No	NA	CENTER	JU3125
V	12530000	12540000	1	12535000	1254	105	No	NA	CENTER	JU3125
V	12540000	12550000	1	12545000	1255	105	No	NA	CENTER	JU3125
V	12550000	12560000	0	12555000	1256	105	No	NA	CENTER	JU3125
V	12560000	12570000	0	12565000	1257	105	No	NA	CENTER	JU3125
V	12570000	12580000	2	12575000	1258	105	No	NA	CENTER	JU3125
V	12580000	12590000	0	12585000	1259	105	No	NA	CENTER	JU3125
V	12590000	12600000	0	12595000	1260	105	No	NA	CENTER	JU3125
V	12600000	12610000	0	12605000	1261	105	No	NA	CENTER	JU3125
V	12610000	12620000	0	12615000	1262	105	No	NA	CENTER	JU3125
V	12620000	12630000	0	12625000	1263	105	No	NA	CENTER	JU3125
V	12630000	12640000	0	12635000	1264	105	No	NA	CENTER	JU3125
V	12640000	12650000	0	12645000	1265	105	No	NA	CENTER	JU3125
V	12650000	12660000	0	12655000	1266	105	No	NA	CENTER	JU3125
V	12660000	12670000	0	12665000	1267	105	No	NA	CENTER	JU3125
V	12670000	12680000	0	12675000	1268	105	No	NA	CENTER	JU3125
V	12680000	12690000	0	12685000	1269	105	No	NA	CENTER	JU3125
V	12690000	12700000	0	12695000	1270	105	No	NA	CENTER	JU3125
V	12700000	12710000	0	12705000	1271	105	No	NA	CENTER	JU3125
V	12710000	12720000	0	12715000	1272	105	No	NA	CENTER	JU3125
V	12720000	12730000	0	12725000	1273	105	No	NA	CENTER	JU3125
V	12730000	12740000	0	12735000	1274	105	No	NA	CENTER	JU3125
V	12740000	12750000	0	12745000	1275	105	No	NA	CENTER	JU3125
V	12750000	12760000	0	12755000	1276	105	No	NA	CENTER	JU3125
V	12760000	12770000	0	12765000	1277	105	No	NA	CENTER	JU3125
V	12770000	12780000	2	12775000	1278	105	No	NA	CENTER	JU3125
V	12780000	12790000	0	12785000	1279	105	No	NA	CENTER	JU3125
V	12790000	12800000	0	12795000	1280	105	No	NA	CENTER	JU3125
V	12800000	12810000	0	12805000	1281	105	No	NA	CENTER	JU3125
V	12810000	12820000	0	12815000	1282	105	No	NA	CENTER	JU3125
V	12820000	12830000	0	12825000	1283	105	No	NA	CENTER	JU3125
V	12830000	12840000	0	12835000	1284	105	No	NA	CENTER	JU3125
V	12840000	12850000	0	12845000	1285	105	No	NA	CENTER	JU3125
V	12850000	12860000	0	12855000	1286	105	No	NA	CENTER	JU3125
V	12860000	12870000	1	12865000	1287	105	No	NA	CENTER	JU3125
V	12870000	12880000	0	12875000	1288	105	No	NA	CENTER	JU3125
V	12880000	12890000	0	12885000	1289	105	No	NA	CENTER	JU3125
V	12890000	12900000	0	12895000	1290	105	No	NA	CENTER	JU3125
V	12900000	12910000	0	12905000	1291	105	No	NA	CENTER	JU3125
V	12910000	12920000	0	12915000	1292	105	No	NA	CENTER	JU3125
V	12920000	12930000	0	12925000	1293	105	No	NA	CENTER	JU3125
V	12930000	12940000	0	12935000	1294	105	No	NA	CENTER	JU3125
V	12940000	12950000	0	12945000	1295	105	No	NA	CENTER	JU3125
V	12950000	12960000	1	12955000	1296	105	No	NA	CENTER	JU3125
V	12960000	12970000	0	12965000	1297	105	No	NA	CENTER	JU3125
V	12970000	12980000	1	12975000	1298	105	No	NA	CENTER	JU3125
V	12980000	12990000	0	12985000	1299	105	No	NA	CENTER	JU3125
V	12990000	13000000	0	12995000	1300	105	No	NA	CENTER	JU3125
V	13000000	13010000	1	13005000	1301	105	No	NA	CENTER	JU3125
V	13010000	13020000	0	13015000	1302	105	No	NA	CENTER	JU3125
V	13020000	13030000	0	13025000	1303	105	No	NA	CENTER	JU3125
V	13030000	13040000	0	13035000	1304	105	No	NA	CENTER	JU3125
V	13040000	13050000	0	13045000	1305	105	No	NA	CENTER	JU3125
V	13050000	13060000	0	13055000	1306	105	No	NA	CENTER	JU3125
V	13060000	13070000	0	13065000	1307	105	No	NA	CENTER	JU3125
V	13070000	13080000	1	13075000	1308	105	No	NA	CENTER	JU3125
V	13080000	13090000	0	13085000	1309	105	No	NA	CENTER	JU3125
V	13090000	13100000	0	13095000	1310	105	No	NA	CENTER	JU3125
V	13100000	13110000	0	13105000	1311	105	No	NA	CENTER	JU3125
V	13110000	13120000	0	13115000	1312	105	No	NA	CENTER	JU3125
V	13120000	13130000	1	13125000	1313	105	No	NA	CENTER	JU3125
V	13130000	13140000	11	13135000	1314	105	No	NA	CENTER	JU3125
V	13140000	13150000	9	13145000	1315	105	No	NA	CENTER	JU3125
V	13150000	13160000	15	13155000	1316	105	No	NA	CENTER	JU3125
V	13160000	13170000	23	13165000	1317	105	No	NA	CENTER	JU3125
V	13170000	13180000	5	13175000	1318	105	No	NA	CENTER	JU3125
V	13180000	13190000	11	13185000	1319	105	No	NA	CENTER	JU3125
V	13190000	13200000	10	13195000	1320	105	No	NA	CENTER	JU3125
V	13200000	13210000	10	13205000	1321	105	No	NA	CENTER	JU3125
V	13210000	13220000	7	13215000	1322	105	No	NA	CENTER	JU3125
V	13220000	13230000	11	13225000	1323	105	No	NA	CENTER	JU3125
V	13230000	13240000	6	13235000	1324	105	No	NA	CENTER	JU3125
V	13240000	13250000	9	13245000	1325	105	No	NA	CENTER	JU3125
V	13250000	13260000	14	13255000	1326	105	No	NA	CENTER	JU3125
V	13260000	13270000	11	13265000	1327	105	No	NA	CENTER	JU3125
V	13270000	13280000	0	13275000	1328	105	No	NA	CENTER	JU3125
V	13280000	13290000	8	13285000	1329	105	No	NA	CENTER	JU3125
V	13290000	13300000	11	13295000	1330	105	No	NA	CENTER	JU3125
V	13300000	13310000	9	13305000	1331	105	No	NA	CENTER	JU3125
V	13310000	13320000	11	13315000	1332	105	No	NA	CENTER	JU3125
V	13320000	13330000	1	13325000	1333	105	No	NA	CENTER	JU3125
V	13330000	13340000	9	13335000	1334	105	No	NA	CENTER	JU3125
V	13340000	13350000	7	13345000	1335	105	No	NA	CENTER	JU3125
V	13350000	13360000	10	13355000	1336	105	No	NA	CENTER	JU3125
V	13360000	13370000	14	13365000	1337	105	No	NA	CENTER	JU3125
V	13370000	13380000	7	13375000	1338	105	No	NA	CENTER	JU3125
V	13380000	13390000	8	13385000	1339	105	No	NA	CENTER	JU3125
V	13390000	13400000	9	13395000	1340	105	No	NA	CENTER	JU3125
V	13400000	13410000	7	13405000	1341	105	No	NA	CENTER	JU3125
V	13410000	13420000	5	13415000	1342	105	No	NA	CENTER	JU3125
V	13420000	13430000	3	13425000	1343	105	No	NA	CENTER	JU3125
V	13430000	13440000	7	13435000	1344	105	No	NA	CENTER	JU3125
V	13440000	13450000	7	13445000	1345	105	No	NA	CENTER	JU3125
V	13450000	13460000	3	13455000	1346	105	No	NA	CENTER	JU3125
V	13460000	13470000	2	13465000	1347	105	No	NA	CENTER	JU3125
V	13470000	13480000	7	13475000	1348	105	No	NA	CENTER	JU3125
V	13480000	13490000	11	13485000	1349	105	No	NA	CENTER	JU3125
V	13490000	13500000	19	13495000	1350	105	No	NA	CENTER	JU3125
V	13500000	13510000	7	13505000	1351	105	No	NA	CENTER	JU3125
V	13510000	13520000	7	13515000	1352	105	No	NA	CENTER	JU3125
V	13520000	13530000	15	13525000	1353	105	No	NA	CENTER	JU3125
V	13530000	13540000	22	13535000	1354	105	No	NA	CENTER	JU3125
V	13540000	13550000	18	13545000	1355	105	No	NA	CENTER	JU3125
V	13550000	13560000	25	13555000	1356	105	No	NA	CENTER	JU3125
V	13560000	13570000	3	13565000	1357	105	No	NA	CENTER	JU3125
V	13570000	13580000	13	13575000	1358	105	No	NA	CENTER	JU3125
V	13580000	13590000	6	13585000	1359	105	No	NA	CENTER	JU3125
V	13590000	13600000	7	13595000	1360	105	No	NA	CENTER	JU3125
V	13600000	13610000	11	13605000	1361	105	No	NA	CENTER	JU3125
V	13610000	13620000	8	13615000	1362	105	No	NA	CENTER	JU3125
V	13620000	13630000	9	13625000	1363	105	No	NA	CENTER	JU3125
V	13630000	13640000	6	13635000	1364	105	No	NA	CENTER	JU3125
V	13640000	13650000	28	13645000	1365	105	No	NA	CENTER	JU3125
V	13650000	13660000	7	13655000	1366	105	No	NA	CENTER	JU3125
V	13660000	13670000	11	13665000	1367	105	No	NA	CENTER	JU3125
V	13670000	13680000	10	13675000	1368	105	No	NA	CENTER	JU3125
V	13680000	13690000	8	13685000	1369	105	No	NA	CENTER	JU3125
V	13690000	13700000	6	13695000	1370	105	No	NA	CENTER	JU3125
V	13700000	13710000	8	13705000	1371	105	No	NA	CENTER	JU3125
V	13710000	13720000	10	13715000	1372	105	No	NA	CENTER	JU3125
V	13720000	13730000	8	13725000	1373	105	No	NA	CENTER	JU3125
V	13730000	13740000	30	13735000	1374	105	No	NA	CENTER	JU3125
V	13740000	13750000	51	13745000	1375	105	No	NA	CENTER	JU3125
V	13750000	13760000	35	13755000	1376	105	No	NA	CENTER	JU3125
V	13760000	13770000	19	13765000	1377	105	No	NA	CENTER	JU3125
V	13770000	13780000	5	13775000	1378	105	No	NA	CENTER	JU3125
V	13780000	13790000	8	13785000	1379	105	No	NA	CENTER	JU3125
V	13790000	13800000	4	13795000	1380	105	No	NA	CENTER	JU3125
V	13800000	13810000	8	13805000	1381	105	No	NA	CENTER	JU3125
V	13810000	13820000	4	13815000	1382	105	No	NA	CENTER	JU3125
V	13820000	13830000	3	13825000	1383	105	No	NA	CENTER	JU3125
V	13830000	13840000	9	13835000	1384	105	No	NA	CENTER	JU3125
V	13840000	13850000	3	13845000	1385	105	No	NA	CENTER	JU3125
V	13850000	13860000	5	13855000	1386	105	No	NA	CENTER	JU3125
V	13860000	13870000	6	13865000	1387	105	No	NA	CENTER	JU3125
V	13870000	13880000	2	13875000	1388	105	No	NA	CENTER	JU3125
V	13880000	13890000	9	13885000	1389	105	No	NA	CENTER	JU3125
V	13890000	13900000	3	13895000	1390	105	No	NA	CENTER	JU3125
V	13900000	13910000	2	13905000	1391	105	No	NA	CENTER	JU3125
V	13910000	13920000	7	13915000	1392	105	No	NA	CENTER	JU3125
V	13920000	13930000	3	13925000	1393	105	No	NA	CENTER	JU3125
V	13930000	13940000	16	13935000	1394	105	No	NA	CENTER	JU3125
V	13940000	13950000	59	13945000	1395	105	No	NA	CENTER	JU3125
V	13950000	13960000	24	13955000	1396	105	No	NA	CENTER	JU3125
V	13960000	13970000	26	13965000	1397	105	No	NA	CENTER	JU3125
V	13970000	13980000	12	13975000	1398	105	No	NA	CENTER	JU3125
V	13980000	13990000	40	13985000	1399	105	No	NA	CENTER	JU3125
V	13990000	14000000	36	13995000	1400	105	No	NA	CENTER	JU3125
V	14000000	14010000	20	14005000	1401	105	No	NA	CENTER	JU3125
V	14010000	14020000	2	14015000	1402	105	No	NA	CENTER	JU3125
V	14020000	14030000	4	14025000	1403	105	No	NA	CENTER	JU3125
V	14030000	14040000	5	14035000	1404	105	No	NA	CENTER	JU3125
V	14040000	14050000	1	14045000	1405	105	No	NA	CENTER	JU3125
V	14050000	14060000	11	14055000	1406	105	No	NA	CENTER	JU3125
V	14060000	14070000	10	14065000	1407	105	No	NA	CENTER	JU3125
V	14070000	14080000	7	14075000	1408	105	No	NA	CENTER	JU3125
V	14080000	14090000	11	14085000	1409	105	No	NA	CENTER	JU3125
V	14090000	14100000	6	14095000	1410	105	No	NA	CENTER	JU3125
V	14100000	14110000	9	14105000	1411	105	No	NA	CENTER	JU3125
V	14110000	14120000	9	14115000	1412	105	No	NA	CENTER	JU3125
V	14120000	14130000	16	14125000	1413	105	No	NA	CENTER	JU3125
V	14130000	14140000	9	14135000	1414	105	No	NA	CENTER	JU3125
V	14140000	14150000	19	14145000	1415	105	No	NA	CENTER	JU3125
V	14150000	14160000	31	14155000	1416	105	No	NA	CENTER	JU3125
V	14160000	14170000	13	14165000	1417	105	No	NA	CENTER	JU3125
V	14170000	14180000	8	14175000	1418	105	No	NA	CENTER	JU3125
V	14180000	14190000	6	14185000	1419	105	No	NA	CENTER	JU3125
V	14190000	14200000	24	14195000	1420	105	No	NA	CENTER	JU3125
V	14200000	14210000	11	14205000	1421	105	No	NA	CENTER	JU3125
V	14210000	14220000	8	14215000	1422	105	No	NA	CENTER	JU3125
V	14220000	14230000	9	14225000	1423	105	No	NA	CENTER	JU3125
V	14230000	14240000	18	14235000	1424	105	No	NA	CENTER	JU3125
V	14240000	14250000	22	14245000	1425	105	No	NA	CENTER	JU3125
V	14250000	14260000	13	14255000	1426	105	No	NA	CENTER	JU3125
V	14260000	14270000	10	14265000	1427	105	No	NA	CENTER	JU3125
V	14270000	14280000	12	14275000	1428	105	No	NA	CENTER	JU3125
V	14280000	14290000	3	14285000	1429	105	No	NA	CENTER	JU3125
V	14290000	14300000	18	14295000	1430	105	No	NA	CENTER	JU3125
V	14300000	14310000	9	14305000	1431	105	No	NA	CENTER	JU3125
V	14310000	14320000	16	14315000	1432	105	No	NA	CENTER	JU3125
V	14320000	14330000	16	14325000	1433	105	No	NA	CENTER	JU3125
V	14330000	14340000	15	14335000	1434	105	No	NA	CENTER	JU3125
V	14340000	14350000	17	14345000	1435	105	No	NA	CENTER	JU3125
V	14350000	14360000	6	14355000	1436	105	No	NA	CENTER	JU3125
V	14360000	14370000	7	14365000	1437	105	No	NA	CENTER	JU3125
V	14370000	14380000	6	14375000	1438	105	No	NA	CENTER	JU3125
V	14380000	14390000	9	14385000	1439	105	No	NA	CENTER	JU3125
V	14390000	14400000	14	14395000	1440	105	No	NA	CENTER	JU3125
V	14400000	14410000	21	14405000	1441	105	No	NA	CENTER	JU3125
V	14410000	14420000	5	14415000	1442	105	No	NA	CENTER	JU3125
V	14420000	14430000	5	14425000	1443	105	No	NA	CENTER	JU3125
V	14430000	14440000	3	14435000	1444	105	No	NA	CENTER	JU3125
V	14440000	14450000	14	14445000	1445	105	No	NA	CENTER	JU3125
V	14450000	14460000	11	14455000	1446	105	No	NA	CENTER	JU3125
V	14460000	14470000	14	14465000	1447	105	No	NA	CENTER	JU3125
V	14470000	14480000	5	14475000	1448	105	No	NA	CENTER	JU3125
V	14480000	14490000	17	14485000	1449	105	No	NA	CENTER	JU3125
V	14490000	14500000	0	14495000	1450	105	No	NA	CENTER	JU3125
V	14500000	14510000	1	14505000	1451	105	No	NA	CENTER	JU3125
V	14510000	14520000	4	14515000	1452	105	No	NA	CENTER	JU3125
V	14520000	14530000	5	14525000	1453	105	No	NA	CENTER	JU3125
V	14530000	14540000	1	14535000	1454	105	No	NA	CENTER	JU3125
V	14540000	14550000	2	14545000	1455	105	No	NA	CENTER	JU3125
V	14550000	14560000	2	14555000	1456	105	No	NA	CENTER	JU3125
V	14560000	14570000	10	14565000	1457	105	No	NA	CENTER	JU3125
V	14570000	14580000	16	14575000	1458	105	No	NA	CENTER	JU3125
V	14580000	14590000	15	14585000	1459	105	No	NA	CENTER	JU3125
V	14590000	14600000	19	14595000	1460	105	No	NA	CENTER	JU3125
V	14600000	14610000	11	14605000	1461	105	No	NA	CENTER	JU3125
V	14610000	14620000	17	14615000	1462	105	No	NA	CENTER	JU3125
V	14620000	14630000	22	14625000	1463	105	No	NA	CENTER	JU3125
V	14630000	14640000	15	14635000	1464	105	No	NA	CENTER	JU3125
V	14640000	14650000	3	14645000	1465	105	No	NA	CENTER	JU3125
V	14650000	14660000	4	14655000	1466	105	No	NA	CENTER	JU3125
V	14660000	14670000	5	14665000	1467	105	No	NA	CENTER	JU3125
V	14670000	14680000	18	14675000	1468	105	No	NA	CENTER	JU3125
V	14680000	14690000	16	14685000	1469	105	No	NA	CENTER	JU3125
V	14690000	14700000	9	14695000	1470	105	No	NA	CENTER	JU3125
V	14700000	14710000	26	14705000	1471	105	No	NA	CENTER	JU3125
V	14710000	14720000	17	14715000	1472	105	No	NA	CENTER	JU3125
V	14720000	14730000	13	14725000	1473	105	No	NA	CENTER	JU3125
V	14730000	14740000	6	14735000	1474	105	No	NA	CENTER	JU3125
V	14740000	14750000	17	14745000	1475	105	No	NA	CENTER	JU3125
V	14750000	14760000	17	14755000	1476	105	No	NA	CENTER	JU3125
V	14760000	14770000	22	14765000	1477	105	No	NA	CENTER	JU3125
V	14770000	14780000	13	14775000	1478	105	No	NA	CENTER	JU3125
V	14780000	14790000	12	14785000	1479	105	No	NA	CENTER	JU3125
V	14790000	14800000	5	14795000	1480	105	No	NA	CENTER	JU3125
V	14800000	14810000	11	14805000	1481	105	No	NA	CENTER	JU3125
V	14810000	14820000	11	14815000	1482	105	No	NA	CENTER	JU3125
V	14820000	14830000	9	14825000	1483	105	No	NA	CENTER	JU3125
V	14830000	14840000	11	14835000	1484	105	No	NA	CENTER	JU3125
V	14840000	14850000	18	14845000	1485	105	No	NA	CENTER	JU3125
V	14850000	14860000	32	14855000	1486	105	No	NA	CENTER	JU3125
V	14860000	14870000	32	14865000	1487	105	No	NA	CENTER	JU3125
V	14870000	14880000	25	14875000	1488	105	No	NA	CENTER	JU3125
V	14880000	14890000	1	14885000	1489	105	No	NA	CENTER	JU3125
V	14890000	14900000	32	14895000	1490	105	No	NA	CENTER	JU3125
V	14900000	14910000	28	14905000	1491	105	No	NA	CENTER	JU3125
V	14910000	14920000	7	14915000	1492	105	No	NA	CENTER	JU3125
V	14920000	14930000	6	14925000	1493	105	No	NA	CENTER	JU3125
V	14930000	14940000	13	14935000	1494	105	No	NA	CENTER	JU3125
V	14940000	14950000	9	14945000	1495	105	No	NA	CENTER	JU3125
V	14950000	14960000	9	14955000	1496	105	No	NA	CENTER	JU3125
V	14960000	14970000	12	14965000	1497	105	No	NA	CENTER	JU3125
V	14970000	14980000	10	14975000	1498	105	No	NA	CENTER	JU3125
V	14980000	14990000	10	14985000	1499	105	No	NA	CENTER	JU3125
V	14990000	15000000	11	14995000	1500	105	No	NA	CENTER	JU3125
V	15000000	15010000	2	15005000	1501	105	No	NA	CENTER	JU3125
V	15010000	15020000	15	15015000	1502	105	No	NA	CENTER	JU3125
V	15020000	15030000	18	15025000	1503	105	No	NA	CENTER	JU3125
V	15030000	15040000	6	15035000	1504	105	No	NA	CENTER	JU3125
V	15040000	15050000	5	15045000	1505	105	No	NA	CENTER	JU3125
V	15050000	15060000	18	15055000	1506	105	No	NA	CENTER	JU3125
V	15060000	15070000	9	15065000	1507	105	No	NA	CENTER	JU3125
V	15070000	15080000	18	15075000	1508	105	No	NA	CENTER	JU3125
V	15080000	15090000	20	15085000	1509	105	No	NA	CENTER	JU3125
V	15090000	15100000	16	15095000	1510	105	No	NA	CENTER	JU3125
V	15100000	15110000	11	15105000	1511	105	No	NA	CENTER	JU3125
V	15110000	15120000	20	15115000	1512	105	No	NA	CENTER	JU3125
V	15120000	15130000	15	15125000	1513	105	No	NA	CENTER	JU3125
V	15130000	15140000	10	15135000	1514	105	No	NA	CENTER	JU3125
V	15140000	15150000	17	15145000	1515	105	No	NA	CENTER	JU3125
V	15150000	15160000	19	15155000	1516	105	No	NA	CENTER	JU3125
V	15160000	15170000	16	15165000	1517	105	No	NA	CENTER	JU3125
V	15170000	15180000	10	15175000	1518	105	No	NA	CENTER	JU3125
V	15180000	15190000	33	15185000	1519	105	No	NA	CENTER	JU3125
V	15190000	15200000	17	15195000	1520	105	No	NA	CENTER	JU3125
V	15200000	15210000	2	15205000	1521	105	No	NA	CENTER	JU3125
V	15210000	15220000	19	15215000	1522	105	No	NA	CENTER	JU3125
V	15220000	15230000	34	15225000	1523	105	No	NA	CENTER	JU3125
V	15230000	15240000	20	15235000	1524	105	No	NA	CENTER	JU3125
V	15240000	15250000	18	15245000	1525	105	No	NA	CENTER	JU3125
V	15250000	15260000	15	15255000	1526	105	No	NA	CENTER	JU3125
V	15260000	15270000	11	15265000	1527	105	No	NA	CENTER	JU3125
V	15270000	15280000	34	15275000	1528	105	No	NA	CENTER	JU3125
V	15280000	15290000	10	15285000	1529	105	No	NA	CENTER	JU3125
V	15290000	15300000	11	15295000	1530	105	No	NA	CENTER	JU3125
V	15300000	15310000	21	15305000	1531	105	No	NA	CENTER	JU3125
V	15310000	15320000	18	15315000	1532	105	No	NA	CENTER	JU3125
V	15320000	15330000	29	15325000	1533	105	No	NA	CENTER	JU3125
V	15330000	15340000	13	15335000	1534	105	No	NA	CENTER	JU3125
V	15340000	15350000	15	15345000	1535	105	No	NA	CENTER	JU3125
V	15350000	15360000	14	15355000	1536	105	No	NA	CENTER	JU3125
V	15360000	15370000	28	15365000	1537	105	No	NA	CENTER	JU3125
V	15370000	15380000	16	15375000	1538	105	No	NA	CENTER	JU3125
V	15380000	15390000	21	15385000	1539	105	No	NA	CENTER	JU3125
V	15390000	15400000	23	15395000	1540	105	No	NA	CENTER	JU3125
V	15400000	15410000	21	15405000	1541	105	No	NA	CENTER	JU3125
V	15410000	15420000	27	15415000	1542	105	No	NA	CENTER	JU3125
V	15420000	15430000	29	15425000	1543	105	No	NA	CENTER	JU3125
V	15430000	15440000	27	15435000	1544	105	No	NA	CENTER	JU3125
V	15440000	15450000	39	15445000	1545	105	No	NA	CENTER	JU3125
V	15450000	15460000	42	15455000	1546	105	No	NA	CENTER	JU3125
V	15460000	15470000	23	15465000	1547	105	No	NA	CENTER	JU3125
V	15470000	15480000	33	15475000	1548	105	No	NA	CENTER	JU3125
V	15480000	15490000	41	15485000	1549	105	No	NA	CENTER	JU3125
V	15490000	15500000	23	15495000	1550	105	No	NA	CENTER	JU3125
V	15500000	15510000	10	15505000	1551	105	No	NA	CENTER	JU3125
V	15510000	15520000	14	15515000	1552	105	No	NA	CENTER	JU3125
V	15520000	15530000	31	15525000	1553	105	No	NA	CENTER	JU3125
V	15530000	15540000	26	15535000	1554	105	No	NA	CENTER	JU3125
V	15540000	15550000	31	15545000	1555	105	No	NA	CENTER	JU3125
V	15550000	15560000	30	15555000	1556	105	No	NA	CENTER	JU3125
V	15560000	15570000	30	15565000	1557	105	No	NA	CENTER	JU3125
V	15570000	15580000	45	15575000	1558	105	No	NA	CENTER	JU3125
V	15580000	15590000	27	15585000	1559	105	No	NA	CENTER	JU3125
V	15590000	15600000	32	15595000	1560	105	No	NA	CENTER	JU3125
V	15600000	15610000	18	15605000	1561	105	No	NA	CENTER	JU3125
V	15610000	15620000	13	15615000	1562	105	No	NA	CENTER	JU3125
V	15620000	15630000	28	15625000	1563	105	No	NA	CENTER	JU3125
V	15630000	15640000	32	15635000	1564	105	No	NA	CENTER	JU3125
V	15640000	15650000	25	15645000	1565	105	No	NA	CENTER	JU3125
V	15650000	15660000	50	15655000	1566	105	No	NA	CENTER	JU3125
V	15660000	15670000	273	15665000	1567	46	Yes	Up	CENTER	JU3125
V	15670000	15680000	255	15675000	1568	51	Yes	Up	CENTER	JU3125
V	15680000	15690000	39	15685000	1569	105	No	NA	CENTER	JU3125
V	15690000	15700000	311	15695000	1570	36	Yes	Up	CENTER	JU3125
V	15700000	15710000	35	15705000	1571	105	No	NA	CENTER	JU3125
V	15710000	15720000	41	15715000	1572	105	No	NA	CENTER	JU3125
V	15720000	15730000	410	15725000	1573	26	Yes	Up	CENTER	JU3125
V	15730000	15740000	532	15735000	1574	13	Yes	Up	CENTER	JU3125
V	15740000	15750000	258	15745000	1575	56	Yes	Up	CENTER	JU3125
V	15750000	15760000	402	15755000	1576	28	Yes	Up	CENTER	JU3125
V	15760000	15770000	268	15765000	1577	53	Yes	Up	CENTER	JU3125
V	15770000	15780000	44	15775000	1578	105	No	NA	CENTER	JU3125
V	15780000	15790000	42	15785000	1579	105	No	NA	CENTER	JU3125
V	15790000	15800000	141	15795000	1580	105	No	NA	CENTER	JU3125
V	15800000	15810000	47	15805000	1581	105	No	NA	CENTER	JU3125
V	15810000	15820000	34	15815000	1582	105	No	NA	CENTER	JU3125
V	15820000	15830000	45	15825000	1583	105	No	NA	CENTER	JU3125
V	15830000	15840000	359	15835000	1584	35	Yes	Up	CENTER	JU3125
V	15840000	15850000	31	15845000	1585	105	No	NA	CENTER	JU3125
V	15850000	15860000	42	15855000	1586	105	No	NA	CENTER	JU3125
V	15860000	15870000	15	15865000	1587	105	No	NA	CENTER	JU3125
V	15870000	15880000	18	15875000	1588	105	No	NA	CENTER	JU3125
V	15880000	15890000	11	15885000	1589	105	No	NA	CENTER	JU3125
V	15890000	15900000	11	15895000	1590	105	No	NA	CENTER	JU3125
V	15900000	15910000	48	15905000	1591	105	No	NA	CENTER	JU3125
V	15910000	15920000	462	15915000	1592	25	Yes	Up	CENTER	JU3125
V	15920000	15930000	648	15925000	1593	5	Yes	Up	CENTER	JU3125
V	15930000	15940000	612	15935000	1594	9	Yes	Up	CENTER	JU3125
V	15940000	15950000	328	15945000	1595	47	Yes	Up	CENTER	JU3125
V	15950000	15960000	587	15955000	1596	12	Yes	Up	CENTER	JU3125
V	15960000	15970000	509	15965000	1597	19	Yes	Up	CENTER	JU3125
V	15970000	15980000	261	15975000	1598	62	Yes	Up	CENTER	JU3125
V	15980000	15990000	42	15985000	1599	105	No	NA	CENTER	JU3125
V	15990000	16000000	30	15995000	1600	105	No	NA	CENTER	JU3125
V	16000000	16010000	16	16005000	1601	95	Yes	Down	CENTER	JU3125
V	16010000	16020000	28	16015000	1602	105	No	NA	CENTER	JU3125
V	16020000	16030000	22	16025000	1603	99	Yes	Down	CENTER	JU3125
V	16030000	16040000	17	16035000	1604	91	Yes	Down	CENTER	JU3125
V	16040000	16050000	10	16045000	1605	82	Yes	Down	CENTER	JU3125
V	16050000	16060000	16	16055000	1606	85	Yes	Down	CENTER	JU3125
V	16060000	16070000	33	16065000	1607	102	Yes	Down	CENTER	JU3125
V	16070000	16080000	26	16075000	1608	94	Yes	Down	CENTER	JU3125
V	16080000	16090000	39	16085000	1609	105	No	NA	CENTER	JU3125
V	16090000	16100000	55	16095000	1610	105	No	NA	CENTER	JU3125
V	16100000	16110000	41	16105000	1611	103	Yes	Down	CENTER	JU3125
V	16110000	16120000	37	16115000	1612	96	Yes	Down	CENTER	JU3125
V	16120000	16130000	119	16125000	1613	105	No	NA	CENTER	JU3125
V	16130000	16140000	360	16135000	1614	48	Yes	Up	CENTER	JU3125
V	16140000	16150000	101	16145000	1615	105	No	NA	CENTER	JU3125
V	16150000	16160000	20	16155000	1616	77	Yes	Down	CENTER	JU3125
V	16160000	16170000	40	16165000	1617	88	Yes	Down	CENTER	JU3125
V	16170000	16180000	374	16175000	1618	44	Yes	Up	CENTER	JU3125
V	16180000	16190000	376	16185000	1619	45	Yes	Up	CENTER	JU3125
V	16190000	16200000	564	16195000	1620	17	Yes	Up	CENTER	JU3125
V	16200000	16210000	156	16205000	1621	105	No	NA	CENTER	JU3125
V	16210000	16220000	534	16215000	1622	21	Yes	Up	CENTER	JU3125
V	16220000	16230000	282	16225000	1623	75	Yes	Up	CENTER	JU3125
V	16230000	16240000	544	16235000	1624	20	Yes	Up	CENTER	JU3125
V	16240000	16250000	75	16245000	1625	105	No	NA	CENTER	JU3125
V	16250000	16260000	65	16255000	1626	105	No	NA	CENTER	JU3125
V	16260000	16270000	200	16265000	1627	105	No	NA	CENTER	JU3125
V	16270000	16280000	196	16275000	1628	105	No	NA	CENTER	JU3125
V	16280000	16290000	90	16285000	1629	105	No	NA	CENTER	JU3125
V	16290000	16300000	48	16295000	1630	89	Yes	Down	CENTER	JU3125
V	16300000	16310000	26	16305000	1631	72	Yes	Down	CENTER	JU3125
V	16310000	16320000	24	16315000	1632	71	Yes	Down	CENTER	JU3125
V	16320000	16330000	50	16325000	1633	92	Yes	Down	CENTER	JU3125
V	16330000	16340000	72	16335000	1634	105	No	NA	CENTER	JU3125
V	16340000	16350000	22	16345000	1635	69	Yes	Down	CENTER	JU3125
V	16350000	16360000	56	16355000	1636	98	Yes	Down	CENTER	JU3125
V	16360000	16370000	55	16365000	1637	97	Yes	Down	CENTER	JU3125
V	16370000	16380000	41	16375000	1638	83	Yes	Down	CENTER	JU3125
V	16380000	16390000	50	16385000	1639	93	Yes	Down	CENTER	JU3125
V	16390000	16400000	65	16395000	1640	105	No	NA	CENTER	JU3125
V	16400000	16410000	20	16405000	1641	66	Yes	Down	CENTER	JU3125
V	16410000	16420000	27	16415000	1642	76	Yes	Down	CENTER	JU3125
V	16420000	16430000	40	16425000	1643	87	Yes	Down	CENTER	JU3125
V	16430000	16440000	23	16435000	1644	78	Yes	Down	CENTER	JU3125
V	16440000	16450000	17	16445000	1645	73	Yes	Down	CENTER	JU3125
V	16450000	16460000	20	16455000	1646	81	Yes	Down	CENTER	JU3125
V	16460000	16470000	312	16465000	1647	60	Yes	Up	CENTER	JU3125
V	16470000	16480000	272	16475000	1648	68	Yes	Up	CENTER	JU3125
V	16480000	16490000	464	16485000	1649	29	Yes	Up	CENTER	JU3125
V	16490000	16500000	538	16495000	1650	18	Yes	Up	CENTER	JU3125
V	16500000	16510000	101	16505000	1651	105	No	NA	CENTER	JU3125
V	16510000	16520000	71	16515000	1652	105	No	NA	CENTER	JU3125
V	16520000	16530000	66	16525000	1653	105	No	NA	CENTER	JU3125
V	16530000	16540000	36	16535000	1654	105	No	NA	CENTER	JU3125
V	16540000	16550000	63	16545000	1655	105	No	NA	CENTER	JU3125
V	16550000	16560000	57	16555000	1656	105	No	NA	RIGHT_ARM	JU3125
V	16560000	16570000	38	16565000	1657	105	No	NA	RIGHT_ARM	JU3125
V	16570000	16580000	62	16575000	1658	105	No	NA	RIGHT_ARM	JU3125
V	16580000	16590000	66	16585000	1659	105	No	NA	RIGHT_ARM	JU3125
V	16590000	16600000	44	16595000	1660	105	No	NA	RIGHT_ARM	JU3125
V	16600000	16610000	179	16605000	1661	105	No	NA	RIGHT_ARM	JU3125
V	16610000	16620000	334	16615000	1662	49	Yes	Up	RIGHT_ARM	JU3125
V	16620000	16630000	432	16625000	1663	31	Yes	Up	RIGHT_ARM	JU3125
V	16630000	16640000	121	16635000	1664	105	No	NA	RIGHT_ARM	JU3125
V	16640000	16650000	173	16645000	1665	105	No	NA	RIGHT_ARM	JU3125
V	16650000	16660000	22	16655000	1666	105	No	NA	RIGHT_ARM	JU3125
V	16660000	16670000	66	16665000	1667	105	No	NA	RIGHT_ARM	JU3125
V	16670000	16680000	117	16675000	1668	105	No	NA	RIGHT_ARM	JU3125
V	16680000	16690000	35	16685000	1669	105	No	NA	RIGHT_ARM	JU3125
V	16690000	16700000	133	16695000	1670	105	No	NA	RIGHT_ARM	JU3125
V	16700000	16710000	57	16705000	1671	105	No	NA	RIGHT_ARM	JU3125
V	16710000	16720000	58	16715000	1672	105	No	NA	RIGHT_ARM	JU3125
V	16720000	16730000	41	16725000	1673	105	No	NA	RIGHT_ARM	JU3125
V	16730000	16740000	41	16735000	1674	105	No	NA	RIGHT_ARM	JU3125
V	16740000	16750000	43	16745000	1675	105	No	NA	RIGHT_ARM	JU3125
V	16750000	16760000	38	16755000	1676	105	No	NA	RIGHT_ARM	JU3125
V	16760000	16770000	46	16765000	1677	105	No	NA	RIGHT_ARM	JU3125
V	16770000	16780000	66	16775000	1678	105	No	NA	RIGHT_ARM	JU3125
V	16780000	16790000	64	16785000	1679	105	No	NA	RIGHT_ARM	JU3125
V	16790000	16800000	59	16795000	1680	105	No	NA	RIGHT_ARM	JU3125
V	16800000	16810000	46	16805000	1681	105	No	NA	RIGHT_ARM	JU3125
V	16810000	16820000	54	16815000	1682	105	No	NA	RIGHT_ARM	JU3125
V	16820000	16830000	37	16825000	1683	105	No	NA	RIGHT_ARM	JU3125
V	16830000	16840000	40	16835000	1684	105	No	NA	RIGHT_ARM	JU3125
V	16840000	16850000	142	16845000	1685	105	No	NA	RIGHT_ARM	JU3125
V	16850000	16860000	350	16855000	1686	38	Yes	Up	RIGHT_ARM	JU3125
V	16860000	16870000	81	16865000	1687	105	No	NA	RIGHT_ARM	JU3125
V	16870000	16880000	73	16875000	1688	105	No	NA	RIGHT_ARM	JU3125
V	16880000	16890000	292	16885000	1689	55	Yes	Up	RIGHT_ARM	JU3125
V	16890000	16900000	59	16895000	1690	105	No	NA	RIGHT_ARM	JU3125
V	16900000	16910000	47	16905000	1691	105	No	NA	RIGHT_ARM	JU3125
V	16910000	16920000	43	16915000	1692	105	No	NA	RIGHT_ARM	JU3125
V	16920000	16930000	95	16925000	1693	105	No	NA	RIGHT_ARM	JU3125
V	16930000	16940000	72	16935000	1694	105	No	NA	RIGHT_ARM	JU3125
V	16940000	16950000	63	16945000	1695	105	No	NA	RIGHT_ARM	JU3125
V	16950000	16960000	347	16955000	1696	39	Yes	Up	RIGHT_ARM	JU3125
V	16960000	16970000	127	16965000	1697	105	No	NA	RIGHT_ARM	JU3125
V	16970000	16980000	53	16975000	1698	105	No	NA	RIGHT_ARM	JU3125
V	16980000	16990000	36	16985000	1699	105	No	NA	RIGHT_ARM	JU3125
V	16990000	17000000	27	16995000	1700	105	No	NA	RIGHT_ARM	JU3125
V	17000000	17010000	28	17005000	1701	105	No	NA	RIGHT_ARM	JU3125
V	17010000	17020000	29	17015000	1702	105	No	NA	RIGHT_ARM	JU3125
V	17020000	17030000	13	17025000	1703	105	No	NA	RIGHT_ARM	JU3125
V	17030000	17040000	11	17035000	1704	105	No	NA	RIGHT_ARM	JU3125
V	17040000	17050000	28	17045000	1705	105	No	NA	RIGHT_ARM	JU3125
V	17050000	17060000	9	17055000	1706	105	No	NA	RIGHT_ARM	JU3125
V	17060000	17070000	7	17065000	1707	105	No	NA	RIGHT_ARM	JU3125
V	17070000	17080000	23	17075000	1708	105	No	NA	RIGHT_ARM	JU3125
V	17080000	17090000	53	17085000	1709	105	No	NA	RIGHT_ARM	JU3125
V	17090000	17100000	35	17095000	1710	105	No	NA	RIGHT_ARM	JU3125
V	17100000	17110000	41	17105000	1711	105	No	NA	RIGHT_ARM	JU3125
V	17110000	17120000	29	17115000	1712	105	No	NA	RIGHT_ARM	JU3125
V	17120000	17130000	10	17125000	1713	105	No	NA	RIGHT_ARM	JU3125
V	17130000	17140000	47	17135000	1714	105	No	NA	RIGHT_ARM	JU3125
V	17140000	17150000	1	17145000	1715	100	Yes	Down	RIGHT_ARM	JU3125
V	17150000	17160000	7	17155000	1716	105	No	NA	RIGHT_ARM	JU3125
V	17160000	17170000	58	17165000	1717	105	No	NA	RIGHT_ARM	JU3125
V	17170000	17180000	169	17175000	1718	105	No	NA	RIGHT_ARM	JU3125
V	17180000	17190000	246	17185000	1719	64	Yes	Up	RIGHT_ARM	JU3125
V	17190000	17200000	50	17195000	1720	105	No	NA	RIGHT_ARM	JU3125
V	17200000	17210000	52	17205000	1721	105	No	NA	RIGHT_ARM	JU3125
V	17210000	17220000	54	17215000	1722	105	No	NA	RIGHT_ARM	JU3125
V	17220000	17230000	139	17225000	1723	105	No	NA	RIGHT_ARM	JU3125
V	17230000	17240000	77	17235000	1724	105	No	NA	RIGHT_ARM	JU3125
V	17240000	17250000	391	17245000	1725	34	Yes	Up	RIGHT_ARM	JU3125
V	17250000	17260000	421	17255000	1726	30	Yes	Up	RIGHT_ARM	JU3125
V	17260000	17270000	161	17265000	1727	105	No	NA	RIGHT_ARM	JU3125
V	17270000	17280000	227	17275000	1728	79	Yes	Up	RIGHT_ARM	JU3125
V	17280000	17290000	197	17285000	1729	104	Yes	Up	RIGHT_ARM	JU3125
V	17290000	17300000	361	17295000	1730	37	Yes	Up	RIGHT_ARM	JU3125
V	17300000	17310000	141	17305000	1731	105	No	NA	RIGHT_ARM	JU3125
V	17310000	17320000	245	17315000	1732	65	Yes	Up	RIGHT_ARM	JU3125
V	17320000	17330000	304	17325000	1733	52	Yes	Up	RIGHT_ARM	JU3125
V	17330000	17340000	296	17335000	1734	57	Yes	Up	RIGHT_ARM	JU3125
V	17340000	17350000	257	17345000	1735	61	Yes	Up	RIGHT_ARM	JU3125
V	17350000	17360000	104	17355000	1736	105	No	NA	RIGHT_ARM	JU3125
V	17360000	17370000	123	17365000	1737	105	No	NA	RIGHT_ARM	JU3125
V	17370000	17380000	52	17375000	1738	105	No	NA	RIGHT_ARM	JU3125
V	17380000	17390000	49	17385000	1739	105	No	NA	RIGHT_ARM	JU3125
V	17390000	17400000	49	17395000	1740	105	No	NA	RIGHT_ARM	JU3125
V	17400000	17410000	230	17405000	1741	74	Yes	Up	RIGHT_ARM	JU3125
V	17410000	17420000	22	17415000	1742	105	No	NA	RIGHT_ARM	JU3125
V	17420000	17430000	40	17425000	1743	105	No	NA	RIGHT_ARM	JU3125
V	17430000	17440000	47	17435000	1744	105	No	NA	RIGHT_ARM	JU3125
V	17440000	17450000	141	17445000	1745	105	No	NA	RIGHT_ARM	JU3125
V	17450000	17460000	41	17455000	1746	105	No	NA	RIGHT_ARM	JU3125
V	17460000	17470000	43	17465000	1747	105	No	NA	RIGHT_ARM	JU3125
V	17470000	17480000	6	17475000	1748	105	No	NA	RIGHT_ARM	JU3125
V	17480000	17490000	49	17485000	1749	105	No	NA	RIGHT_ARM	JU3125
V	17490000	17500000	334	17495000	1750	40	Yes	Up	RIGHT_ARM	JU3125
V	17500000	17510000	54	17505000	1751	105	No	NA	RIGHT_ARM	JU3125
V	17510000	17520000	50	17515000	1752	105	No	NA	RIGHT_ARM	JU3125
V	17520000	17530000	97	17525000	1753	105	No	NA	RIGHT_ARM	JU3125
V	17530000	17540000	174	17535000	1754	105	No	NA	RIGHT_ARM	JU3125
V	17540000	17550000	59	17545000	1755	105	No	NA	RIGHT_ARM	JU3125
V	17550000	17560000	54	17555000	1756	105	No	NA	RIGHT_ARM	JU3125
V	17560000	17570000	35	17565000	1757	105	No	NA	RIGHT_ARM	JU3125
V	17570000	17580000	16	17575000	1758	105	No	NA	RIGHT_ARM	JU3125
V	17580000	17590000	37	17585000	1759	105	No	NA	RIGHT_ARM	JU3125
V	17590000	17600000	54	17595000	1760	105	No	NA	RIGHT_ARM	JU3125
V	17600000	17610000	37	17605000	1761	105	No	NA	RIGHT_ARM	JU3125
V	17610000	17620000	26	17615000	1762	105	No	NA	RIGHT_ARM	JU3125
V	17620000	17630000	6	17625000	1763	105	No	NA	RIGHT_ARM	JU3125
V	17630000	17640000	4	17635000	1764	105	No	NA	RIGHT_ARM	JU3125
V	17640000	17650000	11	17645000	1765	105	No	NA	RIGHT_ARM	JU3125
V	17650000	17660000	69	17655000	1766	105	No	NA	RIGHT_ARM	JU3125
V	17660000	17670000	262	17665000	1767	59	Yes	Up	RIGHT_ARM	JU3125
V	17670000	17680000	41	17675000	1768	105	No	NA	RIGHT_ARM	JU3125
V	17680000	17690000	51	17685000	1769	105	No	NA	RIGHT_ARM	JU3125
V	17690000	17700000	43	17695000	1770	105	No	NA	RIGHT_ARM	JU3125
V	17700000	17710000	135	17705000	1771	105	No	NA	RIGHT_ARM	JU3125
V	17710000	17720000	119	17715000	1772	105	No	NA	RIGHT_ARM	JU3125
V	17720000	17730000	156	17725000	1773	105	No	NA	RIGHT_ARM	JU3125
V	17730000	17740000	54	17735000	1774	105	No	NA	RIGHT_ARM	JU3125
V	17740000	17750000	158	17745000	1775	105	No	NA	RIGHT_ARM	JU3125
V	17750000	17760000	45	17755000	1776	105	No	NA	RIGHT_ARM	JU3125
V	17760000	17770000	100	17765000	1777	105	No	NA	RIGHT_ARM	JU3125
V	17770000	17780000	105	17775000	1778	105	No	NA	RIGHT_ARM	JU3125
V	17780000	17790000	205	17785000	1779	67	Yes	Up	RIGHT_ARM	JU3125
V	17790000	17800000	77	17795000	1780	105	No	NA	RIGHT_ARM	JU3125
V	17800000	17810000	281	17805000	1781	50	Yes	Up	RIGHT_ARM	JU3125
V	17810000	17820000	164	17815000	1782	101	Yes	Up	RIGHT_ARM	JU3125
V	17820000	17830000	1	17825000	1783	105	No	NA	RIGHT_ARM	JU3125
V	17830000	17840000	142	17835000	1784	105	No	NA	RIGHT_ARM	JU3125
V	17840000	17850000	76	17845000	1785	105	No	NA	RIGHT_ARM	JU3125
V	17850000	17860000	37	17855000	1786	105	No	NA	RIGHT_ARM	JU3125
V	17860000	17870000	50	17865000	1787	105	No	NA	RIGHT_ARM	JU3125
V	17870000	17880000	58	17875000	1788	105	No	NA	RIGHT_ARM	JU3125
V	17880000	17890000	60	17885000	1789	105	No	NA	RIGHT_ARM	JU3125
V	17890000	17900000	63	17895000	1790	105	No	NA	RIGHT_ARM	JU3125
V	17900000	17910000	113	17905000	1791	105	No	NA	RIGHT_ARM	JU3125
V	17910000	17920000	38	17915000	1792	105	No	NA	RIGHT_ARM	JU3125
V	17920000	17930000	49	17925000	1793	105	No	NA	RIGHT_ARM	JU3125
V	17930000	17940000	41	17935000	1794	105	No	NA	RIGHT_ARM	JU3125
V	17940000	17950000	43	17945000	1795	105	No	NA	RIGHT_ARM	JU3125
V	17950000	17960000	53	17955000	1796	105	No	NA	RIGHT_ARM	JU3125
V	17960000	17970000	81	17965000	1797	105	No	NA	RIGHT_ARM	JU3125
V	17970000	17980000	99	17975000	1798	105	No	NA	RIGHT_ARM	JU3125
V	17980000	17990000	46	17985000	1799	105	No	NA	RIGHT_ARM	JU3125
V	17990000	18000000	100	17995000	1800	105	No	NA	RIGHT_ARM	JU3125
V	18000000	18010000	62	18005000	1801	105	No	NA	RIGHT_ARM	JU3125
V	18010000	18020000	50	18015000	1802	105	No	NA	RIGHT_ARM	JU3125
V	18020000	18030000	76	18025000	1803	105	No	NA	RIGHT_ARM	JU3125
V	18030000	18040000	56	18035000	1804	105	No	NA	RIGHT_ARM	JU3125
V	18040000	18050000	79	18045000	1805	105	No	NA	RIGHT_ARM	JU3125
V	18050000	18060000	0	18055000	1806	105	No	NA	RIGHT_ARM	JU3125
V	18060000	18070000	36	18065000	1807	105	No	NA	RIGHT_ARM	JU3125
V	18070000	18080000	19	18075000	1808	105	No	NA	RIGHT_ARM	JU3125
V	18080000	18090000	1	18085000	1809	105	No	NA	RIGHT_ARM	JU3125
V	18090000	18100000	1	18095000	1810	105	No	NA	RIGHT_ARM	JU3125
V	18100000	18110000	1	18105000	1811	105	No	NA	RIGHT_ARM	JU3125
V	18110000	18120000	0	18115000	1812	105	No	NA	RIGHT_ARM	JU3125
V	18120000	18130000	0	18125000	1813	105	No	NA	RIGHT_ARM	JU3125
V	18130000	18140000	0	18135000	1814	105	No	NA	RIGHT_ARM	JU3125
V	18140000	18150000	1	18145000	1815	105	No	NA	RIGHT_ARM	JU3125
V	18150000	18160000	0	18155000	1816	105	No	NA	RIGHT_ARM	JU3125
V	18160000	18170000	0	18165000	1817	105	No	NA	RIGHT_ARM	JU3125
V	18170000	18180000	0	18175000	1818	105	No	NA	RIGHT_ARM	JU3125
V	18180000	18190000	2	18185000	1819	105	No	NA	RIGHT_ARM	JU3125
V	18190000	18200000	0	18195000	1820	105	No	NA	RIGHT_ARM	JU3125
V	18200000	18210000	2	18205000	1821	105	No	NA	RIGHT_ARM	JU3125
V	18210000	18220000	1	18215000	1822	105	No	NA	RIGHT_ARM	JU3125
V	18220000	18230000	1	18225000	1823	105	No	NA	RIGHT_ARM	JU3125
V	18230000	18240000	0	18235000	1824	105	No	NA	RIGHT_ARM	JU3125
V	18240000	18250000	2	18245000	1825	105	No	NA	RIGHT_ARM	JU3125
V	18250000	18260000	46	18255000	1826	105	No	NA	RIGHT_ARM	JU3125
V	18260000	18270000	43	18265000	1827	105	No	NA	RIGHT_ARM	JU3125
V	18270000	18280000	45	18275000	1828	105	No	NA	RIGHT_ARM	JU3125
V	18280000	18290000	44	18285000	1829	105	No	NA	RIGHT_ARM	JU3125
V	18290000	18300000	36	18295000	1830	105	No	NA	RIGHT_ARM	JU3125
V	18300000	18310000	37	18305000	1831	105	No	NA	RIGHT_ARM	JU3125
V	18310000	18320000	37	18315000	1832	105	No	NA	RIGHT_ARM	JU3125
V	18320000	18330000	42	18325000	1833	105	No	NA	RIGHT_ARM	JU3125
V	18330000	18340000	63	18335000	1834	105	No	NA	RIGHT_ARM	JU3125
V	18340000	18350000	78	18345000	1835	105	No	NA	RIGHT_ARM	JU3125
V	18350000	18360000	62	18355000	1836	105	No	NA	RIGHT_ARM	JU3125
V	18360000	18370000	27	18365000	1837	105	No	NA	RIGHT_ARM	JU3125
V	18370000	18380000	16	18375000	1838	105	No	NA	RIGHT_ARM	JU3125
V	18380000	18390000	51	18385000	1839	105	No	NA	RIGHT_ARM	JU3125
V	18390000	18400000	55	18395000	1840	105	No	NA	RIGHT_ARM	JU3125
V	18400000	18410000	46	18405000	1841	105	No	NA	RIGHT_ARM	JU3125
V	18410000	18420000	81	18415000	1842	105	No	NA	RIGHT_ARM	JU3125
V	18420000	18430000	63	18425000	1843	105	No	NA	RIGHT_ARM	JU3125
V	18430000	18440000	62	18435000	1844	105	No	NA	RIGHT_ARM	JU3125
V	18440000	18450000	56	18445000	1845	105	No	NA	RIGHT_ARM	JU3125
V	18450000	18460000	69	18455000	1846	105	No	NA	RIGHT_ARM	JU3125
V	18460000	18470000	63	18465000	1847	105	No	NA	RIGHT_ARM	JU3125
V	18470000	18480000	49	18475000	1848	105	No	NA	RIGHT_ARM	JU3125
V	18480000	18490000	58	18485000	1849	105	No	NA	RIGHT_ARM	JU3125
V	18490000	18500000	80	18495000	1850	105	No	NA	RIGHT_ARM	JU3125
V	18500000	18510000	55	18505000	1851	105	No	NA	RIGHT_ARM	JU3125
V	18510000	18520000	53	18515000	1852	105	No	NA	RIGHT_ARM	JU3125
V	18520000	18530000	68	18525000	1853	105	No	NA	RIGHT_ARM	JU3125
V	18530000	18540000	89	18535000	1854	105	No	NA	RIGHT_ARM	JU3125
V	18540000	18550000	85	18545000	1855	105	No	NA	RIGHT_ARM	JU3125
V	18550000	18560000	44	18555000	1856	105	No	NA	RIGHT_ARM	JU3125
V	18560000	18570000	30	18565000	1857	105	No	NA	RIGHT_ARM	JU3125
V	18570000	18580000	46	18575000	1858	105	No	NA	RIGHT_ARM	JU3125
V	18580000	18590000	61	18585000	1859	105	No	NA	RIGHT_ARM	JU3125
V	18590000	18600000	61	18595000	1860	105	No	NA	RIGHT_ARM	JU3125
V	18600000	18610000	74	18605000	1861	105	No	NA	RIGHT_ARM	JU3125
V	18610000	18620000	67	18615000	1862	105	No	NA	RIGHT_ARM	JU3125
V	18620000	18630000	75	18625000	1863	105	No	NA	RIGHT_ARM	JU3125
V	18630000	18640000	83	18635000	1864	105	No	NA	RIGHT_ARM	JU3125
V	18640000	18650000	82	18645000	1865	105	No	NA	RIGHT_ARM	JU3125
V	18650000	18660000	191	18655000	1866	70	Yes	Up	RIGHT_ARM	JU3125
V	18660000	18670000	150	18665000	1867	105	No	NA	RIGHT_ARM	JU3125
V	18670000	18680000	37	18675000	1868	105	No	NA	RIGHT_ARM	JU3125
V	18680000	18690000	35	18685000	1869	105	No	NA	RIGHT_ARM	JU3125
V	18690000	18700000	45	18695000	1870	105	No	NA	RIGHT_ARM	JU3125
V	18700000	18710000	41	18705000	1871	105	No	NA	RIGHT_ARM	JU3125
V	18710000	18720000	19	18715000	1872	105	No	NA	RIGHT_ARM	JU3125
V	18720000	18730000	41	18725000	1873	105	No	NA	RIGHT_ARM	JU3125
V	18730000	18740000	22	18735000	1874	105	No	NA	RIGHT_ARM	JU3125
V	18740000	18750000	63	18745000	1875	105	No	NA	RIGHT_ARM	JU3125
V	18750000	18760000	37	18755000	1876	105	No	NA	RIGHT_ARM	JU3125
V	18760000	18770000	150	18765000	1877	105	No	NA	RIGHT_ARM	JU3125
V	18770000	18780000	366	18775000	1878	32	Yes	Up	RIGHT_ARM	JU3125
V	18780000	18790000	55	18785000	1879	105	No	NA	RIGHT_ARM	JU3125
V	18790000	18800000	57	18795000	1880	105	No	NA	RIGHT_ARM	JU3125
V	18800000	18810000	63	18805000	1881	105	No	NA	RIGHT_ARM	JU3125
V	18810000	18820000	69	18815000	1882	105	No	NA	RIGHT_ARM	JU3125
V	18820000	18830000	280	18825000	1883	42	Yes	Up	RIGHT_ARM	JU3125
V	18830000	18840000	289	18835000	1884	41	Yes	Up	RIGHT_ARM	JU3125
V	18840000	18850000	542	18845000	1885	11	Yes	Up	RIGHT_ARM	JU3125
V	18850000	18860000	71	18855000	1886	105	No	NA	RIGHT_ARM	JU3125
V	18860000	18870000	91	18865000	1887	105	No	NA	RIGHT_ARM	JU3125
V	18870000	18880000	58	18875000	1888	105	No	NA	RIGHT_ARM	JU3125
V	18880000	18890000	85	18885000	1889	105	No	NA	RIGHT_ARM	JU3125
V	18890000	18900000	55	18895000	1890	105	No	NA	RIGHT_ARM	JU3125
V	18900000	18910000	73	18905000	1891	105	No	NA	RIGHT_ARM	JU3125
V	18910000	18920000	68	18915000	1892	105	No	NA	RIGHT_ARM	JU3125
V	18920000	18930000	64	18925000	1893	105	No	NA	RIGHT_ARM	JU3125
V	18930000	18940000	28	18935000	1894	105	No	NA	RIGHT_ARM	JU3125
V	18940000	18950000	58	18945000	1895	105	No	NA	RIGHT_ARM	JU3125
V	18950000	18960000	50	18955000	1896	105	No	NA	RIGHT_ARM	JU3125
V	18960000	18970000	83	18965000	1897	105	No	NA	RIGHT_ARM	JU3125
V	18970000	18980000	62	18975000	1898	105	No	NA	RIGHT_ARM	JU3125
V	18980000	18990000	43	18985000	1899	105	No	NA	RIGHT_ARM	JU3125
V	18990000	19000000	73	18995000	1900	105	No	NA	RIGHT_ARM	JU3125
V	19000000	19010000	16	19005000	1901	105	No	NA	RIGHT_ARM	JU3125
V	19010000	19020000	2	19015000	1902	105	No	NA	RIGHT_ARM	JU3125
V	19020000	19030000	19	19025000	1903	105	No	NA	RIGHT_ARM	JU3125
V	19030000	19040000	7	19035000	1904	105	No	NA	RIGHT_ARM	JU3125
V	19040000	19050000	4	19045000	1905	105	No	NA	RIGHT_ARM	JU3125
V	19050000	19060000	28	19055000	1906	105	No	NA	RIGHT_ARM	JU3125
V	19060000	19070000	53	19065000	1907	105	No	NA	RIGHT_ARM	JU3125
V	19070000	19080000	30	19075000	1908	105	No	NA	RIGHT_ARM	JU3125
V	19080000	19090000	16	19085000	1909	105	No	NA	RIGHT_ARM	JU3125
V	19090000	19100000	10	19095000	1910	105	No	NA	RIGHT_ARM	JU3125
V	19100000	19110000	47	19105000	1911	105	No	NA	RIGHT_ARM	JU3125
V	19110000	19120000	69	19115000	1912	105	No	NA	RIGHT_ARM	JU3125
V	19120000	19130000	60	19125000	1913	105	No	NA	RIGHT_ARM	JU3125
V	19130000	19140000	28	19135000	1914	105	No	NA	RIGHT_ARM	JU3125
V	19140000	19150000	19	19145000	1915	105	No	NA	RIGHT_ARM	JU3125
V	19150000	19160000	11	19155000	1916	105	No	NA	RIGHT_ARM	JU3125
V	19160000	19170000	29	19165000	1917	105	No	NA	RIGHT_ARM	JU3125
V	19170000	19180000	71	19175000	1918	105	No	NA	RIGHT_ARM	JU3125
V	19180000	19190000	49	19185000	1919	105	No	NA	RIGHT_ARM	JU3125
V	19190000	19200000	94	19195000	1920	105	No	NA	RIGHT_ARM	JU3125
V	19200000	19210000	71	19205000	1921	105	No	NA	RIGHT_ARM	JU3125
V	19210000	19220000	76	19215000	1922	105	No	NA	RIGHT_ARM	JU3125
V	19220000	19230000	45	19225000	1923	105	No	NA	RIGHT_ARM	JU3125
V	19230000	19240000	38	19235000	1924	105	No	NA	RIGHT_ARM	JU3125
V	19240000	19250000	60	19245000	1925	105	No	NA	RIGHT_ARM	JU3125
V	19250000	19260000	38	19255000	1926	105	No	NA	RIGHT_ARM	JU3125
V	19260000	19270000	16	19265000	1927	105	No	NA	RIGHT_ARM	JU3125
V	19270000	19280000	11	19275000	1928	105	No	NA	RIGHT_ARM	JU3125
V	19280000	19290000	38	19285000	1929	105	No	NA	RIGHT_ARM	JU3125
V	19290000	19300000	49	19295000	1930	105	No	NA	RIGHT_ARM	JU3125
V	19300000	19310000	115	19305000	1931	105	No	NA	RIGHT_ARM	JU3125
V	19310000	19320000	21	19315000	1932	105	No	NA	RIGHT_ARM	JU3125
V	19320000	19330000	3	19325000	1933	105	No	NA	RIGHT_ARM	JU3125
V	19330000	19340000	34	19335000	1934	105	No	NA	RIGHT_ARM	JU3125
V	19340000	19350000	456	19345000	1935	15	Yes	Up	RIGHT_ARM	JU3125
V	19350000	19360000	371	19355000	1936	27	Yes	Up	RIGHT_ARM	JU3125
V	19360000	19370000	136	19365000	1937	90	Yes	Up	RIGHT_ARM	JU3125
V	19370000	19380000	528	19375000	1938	10	Yes	Up	RIGHT_ARM	JU3125
V	19380000	19390000	681	19385000	1939	2	Yes	Up	RIGHT_ARM	JU3125
V	19390000	19400000	540	19395000	1940	8	Yes	Up	RIGHT_ARM	JU3125
V	19400000	19410000	4	19405000	1941	105	No	NA	RIGHT_ARM	JU3125
V	19410000	19420000	22	19415000	1942	105	No	NA	RIGHT_ARM	JU3125
V	19420000	19430000	10	19425000	1943	105	No	NA	RIGHT_ARM	JU3125
V	19430000	19440000	61	19435000	1944	105	No	NA	RIGHT_ARM	JU3125
V	19440000	19450000	1	19445000	1945	105	No	NA	RIGHT_ARM	JU3125
V	19450000	19460000	0	19455000	1946	105	No	NA	RIGHT_ARM	JU3125
V	19460000	19470000	49	19465000	1947	105	No	NA	RIGHT_ARM	JU3125
V	19470000	19480000	393	19475000	1948	22	Yes	Up	RIGHT_ARM	JU3125
V	19480000	19490000	168	19485000	1949	63	Yes	Up	RIGHT_ARM	JU3125
V	19490000	19500000	218	19495000	1950	54	Yes	Up	RIGHT_ARM	JU3125
V	19500000	19510000	142	19505000	1951	80	Yes	Up	RIGHT_ARM	JU3125
V	19510000	19520000	132	19515000	1952	84	Yes	Up	RIGHT_ARM	JU3125
V	19520000	19530000	3	19525000	1953	105	No	NA	RIGHT_ARM	JU3125
V	19530000	19540000	1	19535000	1954	105	No	NA	RIGHT_ARM	JU3125
V	19540000	19550000	4	19545000	1955	105	No	NA	RIGHT_ARM	JU3125
V	19550000	19560000	0	19555000	1956	105	No	NA	RIGHT_ARM	JU3125
V	19560000	19570000	1	19565000	1957	105	No	NA	RIGHT_ARM	JU3125
V	19570000	19580000	1	19575000	1958	105	No	NA	RIGHT_ARM	JU3125
V	19580000	19590000	0	19585000	1959	105	No	NA	RIGHT_ARM	JU3125
V	19590000	19600000	1	19595000	1960	105	No	NA	RIGHT_ARM	JU3125
V	19600000	19610000	2	19605000	1961	105	No	NA	RIGHT_ARM	JU3125
V	19610000	19620000	0	19615000	1962	105	No	NA	RIGHT_ARM	JU3125
V	19620000	19630000	2	19625000	1963	105	No	NA	RIGHT_ARM	JU3125
V	19630000	19640000	1	19635000	1964	105	No	NA	RIGHT_ARM	JU3125
V	19640000	19650000	0	19645000	1965	105	No	NA	RIGHT_ARM	JU3125
V	19650000	19660000	1	19655000	1966	105	No	NA	RIGHT_ARM	JU3125
V	19660000	19670000	0	19665000	1967	105	No	NA	RIGHT_ARM	JU3125
V	19670000	19680000	0	19675000	1968	105	No	NA	RIGHT_ARM	JU3125
V	19680000	19690000	4	19685000	1969	105	No	NA	RIGHT_ARM	JU3125
V	19690000	19700000	3	19695000	1970	105	No	NA	RIGHT_ARM	JU3125
V	19700000	19710000	0	19705000	1971	105	No	NA	RIGHT_ARM	JU3125
V	19710000	19720000	1	19715000	1972	105	No	NA	RIGHT_ARM	JU3125
V	19720000	19730000	0	19725000	1973	105	No	NA	RIGHT_ARM	JU3125
V	19730000	19740000	10	19735000	1974	105	No	NA	RIGHT_ARM	JU3125
V	19740000	19750000	1	19745000	1975	105	No	NA	RIGHT_ARM	JU3125
V	19750000	19760000	0	19755000	1976	105	No	NA	RIGHT_ARM	JU3125
V	19760000	19770000	0	19765000	1977	105	No	NA	RIGHT_ARM	JU3125
V	19770000	19780000	0	19775000	1978	105	No	NA	RIGHT_ARM	JU3125
V	19780000	19790000	1	19785000	1979	105	No	NA	RIGHT_ARM	JU3125
V	19790000	19800000	0	19795000	1980	105	No	NA	RIGHT_ARM	JU3125
V	19800000	19810000	1	19805000	1981	105	No	NA	RIGHT_ARM	JU3125
V	19810000	19820000	2	19815000	1982	105	No	NA	RIGHT_ARM	JU3125
V	19820000	19830000	3	19825000	1983	105	No	NA	RIGHT_ARM	JU3125
V	19830000	19840000	2	19835000	1984	105	No	NA	RIGHT_ARM	JU3125
V	19840000	19850000	1	19845000	1985	105	No	NA	RIGHT_ARM	JU3125
V	19850000	19860000	0	19855000	1986	105	No	NA	RIGHT_ARM	JU3125
V	19860000	19870000	2	19865000	1987	105	No	NA	RIGHT_ARM	JU3125
V	19870000	19880000	2	19875000	1988	105	No	NA	RIGHT_ARM	JU3125
V	19880000	19890000	0	19885000	1989	105	No	NA	RIGHT_ARM	JU3125
V	19890000	19900000	2	19895000	1990	105	No	NA	RIGHT_ARM	JU3125
V	19900000	19910000	0	19905000	1991	105	No	NA	RIGHT_ARM	JU3125
V	19910000	19920000	1	19915000	1992	105	No	NA	RIGHT_ARM	JU3125
V	19920000	19930000	0	19925000	1993	105	No	NA	RIGHT_ARM	JU3125
V	19930000	19940000	0	19935000	1994	105	No	NA	RIGHT_ARM	JU3125
V	19940000	19950000	0	19945000	1995	105	No	NA	RIGHT_ARM	JU3125
V	19950000	19960000	0	19955000	1996	105	No	NA	RIGHT_ARM	JU3125
V	19960000	19970000	0	19965000	1997	105	No	NA	RIGHT_ARM	JU3125
V	19970000	19980000	0	19975000	1998	105	No	NA	RIGHT_ARM	JU3125
V	19980000	19990000	1	19985000	1999	105	No	NA	RIGHT_ARM	JU3125
V	19990000	20000000	0	19995000	2000	105	No	NA	RIGHT_ARM	JU3125
V	20000000	20010000	1	20005000	2001	105	No	NA	RIGHT_ARM	JU3125
V	20010000	20020000	1	20015000	2002	105	No	NA	RIGHT_ARM	JU3125
V	20020000	20030000	0	20025000	2003	105	No	NA	RIGHT_ARM	JU3125
V	20030000	20040000	5	20035000	2004	105	No	NA	RIGHT_ARM	JU3125
V	20040000	20050000	0	20045000	2005	105	No	NA	RIGHT_ARM	JU3125
V	20050000	20060000	0	20055000	2006	105	No	NA	RIGHT_ARM	JU3125
V	20060000	20070000	3	20065000	2007	105	No	NA	RIGHT_ARM	JU3125
V	20070000	20080000	1	20075000	2008	105	No	NA	RIGHT_ARM	JU3125
V	20080000	20090000	0	20085000	2009	105	No	NA	RIGHT_ARM	JU3125
V	20090000	20100000	1	20095000	2010	105	No	NA	RIGHT_ARM	JU3125
V	20100000	20110000	1	20105000	2011	105	No	NA	RIGHT_ARM	JU3125
V	20110000	20120000	0	20115000	2012	105	No	NA	RIGHT_ARM	JU3125
V	20120000	20130000	1	20125000	2013	105	No	NA	RIGHT_ARM	JU3125
V	20130000	20140000	0	20135000	2014	105	No	NA	RIGHT_ARM	JU3125
V	20140000	20150000	0	20145000	2015	105	No	NA	RIGHT_ARM	JU3125
V	20150000	20160000	1	20155000	2016	105	No	NA	RIGHT_ARM	JU3125
V	20160000	20170000	0	20165000	2017	105	No	NA	RIGHT_ARM	JU3125
V	20170000	20180000	1	20175000	2018	105	No	NA	RIGHT_ARM	JU3125
V	20180000	20190000	0	20185000	2019	105	No	NA	RIGHT_ARM	JU3125
V	20190000	20200000	0	20195000	2020	105	No	NA	RIGHT_ARM	JU3125
V	20200000	20210000	0	20205000	2021	105	No	NA	RIGHT_ARM	JU3125
V	20210000	20220000	1	20215000	2022	105	No	NA	RIGHT_ARM	JU3125
V	20220000	20230000	2	20225000	2023	105	No	NA	RIGHT_ARM	JU3125
V	20230000	20240000	0	20235000	2024	105	No	NA	RIGHT_ARM	JU3125
V	20240000	20250000	0	20245000	2025	105	No	NA	RIGHT_ARM	JU3125
V	20250000	20260000	1	20255000	2026	105	No	NA	RIGHT_ARM	JU3125
V	20260000	20270000	30	20265000	2027	105	No	NA	RIGHT_ARM	JU3125
V	20270000	20280000	0	20275000	2028	105	No	NA	RIGHT_ARM	JU3125
V	20280000	20290000	1	20285000	2029	105	No	NA	RIGHT_ARM	JU3125
V	20290000	20300000	0	20295000	2030	105	No	NA	RIGHT_ARM	JU3125
V	20300000	20310000	0	20305000	2031	105	No	NA	RIGHT_ARM	JU3125
V	20310000	20320000	0	20315000	2032	105	No	NA	RIGHT_ARM	JU3125
V	20320000	20330000	1	20325000	2033	105	No	NA	RIGHT_ARM	JU3125
V	20330000	20340000	0	20335000	2034	105	No	NA	RIGHT_ARM	JU3125
V	20340000	20350000	2	20345000	2035	105	No	NA	Telomeric	JU3125
V	20350000	20360000	1	20355000	2036	105	No	NA	Telomeric	JU3125
V	20360000	20370000	0	20365000	2037	105	No	NA	Telomeric	JU3125
V	20370000	20380000	0	20375000	2038	105	No	NA	Telomeric	JU3125
V	20380000	20390000	1	20385000	2039	105	No	NA	Telomeric	JU3125
V	20390000	20400000	3	20395000	2040	105	No	NA	Telomeric	JU3125
V	20400000	20410000	2	20405000	2041	105	No	NA	Telomeric	JU3125
V	20410000	20420000	0	20415000	2042	105	No	NA	Telomeric	JU3125
V	20420000	20430000	0	20425000	2043	105	No	NA	Telomeric	JU3125
V	20430000	20440000	1	20435000	2044	105	No	NA	Telomeric	JU3125
V	20440000	20450000	2	20445000	2045	105	No	NA	Telomeric	JU3125
V	20450000	20460000	1	20455000	2046	105	No	NA	Telomeric	JU3125
V	20460000	20470000	1	20465000	2047	105	No	NA	Telomeric	JU3125
V	20470000	20480000	0	20475000	2048	105	No	NA	Telomeric	JU3125
V	20480000	20490000	0	20485000	2049	105	No	NA	Telomeric	JU3125
V	20490000	20500000	0	20495000	2050	105	No	NA	Telomeric	JU3125
V	20500000	20510000	23	20505000	2051	105	No	NA	Telomeric	JU3125
V	20510000	20520000	0	20515000	2052	105	No	NA	Telomeric	JU3125
V	20520000	20530000	0	20525000	2053	105	No	NA	Telomeric	JU3125
V	20530000	20540000	0	20535000	2054	105	No	NA	Telomeric	JU3125
V	20540000	20550000	0	20545000	2055	105	No	NA	Telomeric	JU3125
V	20550000	20560000	1	20555000	2056	105	No	NA	Telomeric	JU3125
V	20560000	20570000	2	20565000	2057	105	No	NA	Telomeric	JU3125
V	20570000	20580000	1	20575000	2058	105	No	NA	Telomeric	JU3125
V	20580000	20590000	1	20585000	2059	105	No	NA	Telomeric	JU3125
V	20590000	20600000	1	20595000	2060	105	No	NA	Telomeric	JU3125
V	20600000	20610000	0	20605000	2061	105	No	NA	Telomeric	JU3125
V	20610000	20620000	0	20615000	2062	105	No	NA	Telomeric	JU3125
V	20620000	20630000	0	20625000	2063	105	No	NA	Telomeric	JU3125
V	20630000	20640000	0	20635000	2064	105	No	NA	Telomeric	JU3125
V	20640000	20650000	1	20645000	2065	105	No	NA	Telomeric	JU3125
V	20650000	20660000	1	20655000	2066	105	No	NA	Telomeric	JU3125
V	20660000	20670000	1	20665000	2067	105	No	NA	Telomeric	JU3125
V	20670000	20680000	0	20675000	2068	105	No	NA	Telomeric	JU3125
V	20680000	20690000	5	20685000	2069	105	No	NA	Telomeric	JU3125
V	20690000	20700000	0	20695000	2070	105	No	NA	Telomeric	JU3125
V	20700000	20710000	0	20705000	2071	105	No	NA	Telomeric	JU3125
V	20710000	20720000	1	20715000	2072	105	No	NA	Telomeric	JU3125
V	20720000	20730000	0	20725000	2073	105	No	NA	Telomeric	JU3125
V	20730000	20740000	1	20735000	2074	105	No	NA	Telomeric	JU3125
V	20740000	20750000	0	20745000	2075	105	No	NA	Telomeric	JU3125
V	20750000	20760000	0	20755000	2076	105	No	NA	Telomeric	JU3125
V	20760000	20770000	0	20765000	2077	105	No	NA	Telomeric	JU3125
V	20770000	20780000	1	20775000	2078	105	No	NA	Telomeric	JU3125
V	20780000	20790000	0	20785000	2079	105	No	NA	Telomeric	JU3125
V	20790000	20800000	0	20795000	2080	105	No	NA	Telomeric	JU3125
V	20800000	20810000	1	20805000	2081	105	No	NA	Telomeric	JU3125
V	20810000	20820000	0	20815000	2082	105	No	NA	Telomeric	JU3125
V	20820000	20830000	0	20825000	2083	105	No	NA	Telomeric	JU3125
V	20830000	20840000	0	20835000	2084	105	No	NA	Telomeric	JU3125
V	20840000	20850000	0	20845000	2085	105	No	NA	Telomeric	JU3125
V	20850000	20860000	1	20855000	2086	105	No	NA	Telomeric	JU3125
V	20860000	20870000	0	20865000	2087	105	No	NA	Telomeric	JU3125
V	20870000	20880000	1	20875000	2088	105	No	NA	Telomeric	JU3125
V	20880000	20890000	0	20885000	2089	105	No	NA	Telomeric	JU3125
V	20890000	20900000	0	20895000	2090	105	No	NA	Telomeric	JU3125
V	20900000	20910000	0	20905000	2091	105	No	NA	Telomeric	JU3125
V	20910000	20920000	0	20915000	2092	105	No	NA	Telomeric	JU3125
V	20920000	20924180	0	20922090	2093	105	No	NA	Telomeric	JU3125
X	0	10000	11	5000	1	105	No	NA	Telomeric	JU3125
X	10000	20000	29	15000	2	105	No	NA	Telomeric	JU3125
X	20000	30000	38	25000	3	61	Yes	Up	Telomeric	JU3125
X	30000	40000	52	35000	4	20	Yes	Up	Telomeric	JU3125
X	40000	50000	63	45000	5	8	Yes	Up	Telomeric	JU3125
X	50000	60000	30	55000	6	105	No	NA	Telomeric	JU3125
X	60000	70000	19	65000	7	105	No	NA	Telomeric	JU3125
X	70000	80000	35	75000	8	79	Yes	Up	Telomeric	JU3125
X	80000	90000	35	85000	9	80	Yes	Up	Telomeric	JU3125
X	90000	100000	38	95000	10	62	Yes	Up	Telomeric	JU3125
X	100000	110000	34	105000	11	105	No	NA	Telomeric	JU3125
X	110000	120000	24	115000	12	105	No	NA	Telomeric	JU3125
X	120000	130000	33	125000	13	105	No	NA	Telomeric	JU3125
X	130000	140000	28	135000	14	105	No	NA	Telomeric	JU3125
X	140000	150000	46	145000	15	30	Yes	Up	Telomeric	JU3125
X	150000	160000	29	155000	16	105	No	NA	Telomeric	JU3125
X	160000	170000	11	165000	17	105	No	NA	Telomeric	JU3125
X	170000	180000	10	175000	18	105	No	NA	Telomeric	JU3125
X	180000	190000	9	185000	19	105	No	NA	Telomeric	JU3125
X	190000	200000	8	195000	20	105	No	NA	Telomeric	JU3125
X	200000	210000	8	205000	21	105	No	NA	Telomeric	JU3125
X	210000	220000	11	215000	22	105	No	NA	Telomeric	JU3125
X	220000	230000	22	225000	23	105	No	NA	Telomeric	JU3125
X	230000	240000	0	235000	24	105	No	NA	Telomeric	JU3125
X	240000	250000	5	245000	25	105	No	NA	Telomeric	JU3125
X	250000	260000	17	255000	26	105	No	NA	Telomeric	JU3125
X	260000	270000	6	265000	27	105	No	NA	Telomeric	JU3125
X	270000	280000	9	275000	28	105	No	NA	Telomeric	JU3125
X	280000	290000	8	285000	29	105	No	NA	Telomeric	JU3125
X	290000	300000	27	295000	30	105	No	NA	Telomeric	JU3125
X	300000	310000	8	305000	31	105	No	NA	Telomeric	JU3125
X	310000	320000	22	315000	32	105	No	NA	Telomeric	JU3125
X	320000	330000	12	325000	33	105	No	NA	Telomeric	JU3125
X	330000	340000	9	335000	34	105	No	NA	Telomeric	JU3125
X	340000	350000	25	345000	35	105	No	NA	Telomeric	JU3125
X	350000	360000	16	355000	36	105	No	NA	Telomeric	JU3125
X	360000	370000	7	365000	37	105	No	NA	Telomeric	JU3125
X	370000	380000	14	375000	38	105	No	NA	Telomeric	JU3125
X	380000	390000	10	385000	39	105	No	NA	Telomeric	JU3125
X	390000	400000	11	395000	40	105	No	NA	Telomeric	JU3125
X	400000	410000	10	405000	41	105	No	NA	Telomeric	JU3125
X	410000	420000	9	415000	42	105	No	NA	Telomeric	JU3125
X	420000	430000	22	425000	43	105	No	NA	Telomeric	JU3125
X	430000	440000	24	435000	44	105	No	NA	Telomeric	JU3125
X	440000	450000	9	445000	45	105	No	NA	Telomeric	JU3125
X	450000	460000	4	455000	46	105	No	NA	Telomeric	JU3125
X	460000	470000	9	465000	47	105	No	NA	Telomeric	JU3125
X	470000	480000	15	475000	48	105	No	NA	Telomeric	JU3125
X	480000	490000	9	485000	49	105	No	NA	Telomeric	JU3125
X	490000	500000	3	495000	50	105	No	NA	Telomeric	JU3125
X	500000	510000	6	505000	51	105	No	NA	Telomeric	JU3125
X	510000	520000	10	515000	52	105	No	NA	Telomeric	JU3125
X	520000	530000	15	525000	53	105	No	NA	Telomeric	JU3125
X	530000	540000	11	535000	54	105	No	NA	Telomeric	JU3125
X	540000	550000	15	545000	55	105	No	NA	Telomeric	JU3125
X	550000	560000	12	555000	56	105	No	NA	Telomeric	JU3125
X	560000	570000	5	565000	57	105	No	NA	Telomeric	JU3125
X	570000	580000	16	575000	58	105	No	NA	LEFT_ARM	JU3125
X	580000	590000	6	585000	59	105	No	NA	LEFT_ARM	JU3125
X	590000	600000	4	595000	60	105	No	NA	LEFT_ARM	JU3125
X	600000	610000	15	605000	61	105	No	NA	LEFT_ARM	JU3125
X	610000	620000	18	615000	62	105	No	NA	LEFT_ARM	JU3125
X	620000	630000	10	625000	63	105	No	NA	LEFT_ARM	JU3125
X	630000	640000	14	635000	64	105	No	NA	LEFT_ARM	JU3125
X	640000	650000	10	645000	65	105	No	NA	LEFT_ARM	JU3125
X	650000	660000	15	655000	66	105	No	NA	LEFT_ARM	JU3125
X	660000	670000	14	665000	67	105	No	NA	LEFT_ARM	JU3125
X	670000	680000	11	675000	68	105	No	NA	LEFT_ARM	JU3125
X	680000	690000	14	685000	69	105	No	NA	LEFT_ARM	JU3125
X	690000	700000	19	695000	70	105	No	NA	LEFT_ARM	JU3125
X	700000	710000	30	705000	71	105	No	NA	LEFT_ARM	JU3125
X	710000	720000	37	715000	72	71	Yes	Up	LEFT_ARM	JU3125
X	720000	730000	29	725000	73	105	No	NA	LEFT_ARM	JU3125
X	730000	740000	14	735000	74	105	No	NA	LEFT_ARM	JU3125
X	740000	750000	16	745000	75	105	No	NA	LEFT_ARM	JU3125
X	750000	760000	10	755000	76	105	No	NA	LEFT_ARM	JU3125
X	760000	770000	18	765000	77	105	No	NA	LEFT_ARM	JU3125
X	770000	780000	50	775000	78	23	Yes	Up	LEFT_ARM	JU3125
X	780000	790000	6	785000	79	105	No	NA	LEFT_ARM	JU3125
X	790000	800000	10	795000	80	105	No	NA	LEFT_ARM	JU3125
X	800000	810000	17	805000	81	105	No	NA	LEFT_ARM	JU3125
X	810000	820000	4	815000	82	105	No	NA	LEFT_ARM	JU3125
X	820000	830000	6	825000	83	105	No	NA	LEFT_ARM	JU3125
X	830000	840000	6	835000	84	105	No	NA	LEFT_ARM	JU3125
X	840000	850000	14	845000	85	105	No	NA	LEFT_ARM	JU3125
X	850000	860000	9	855000	86	105	No	NA	LEFT_ARM	JU3125
X	860000	870000	7	865000	87	105	No	NA	LEFT_ARM	JU3125
X	870000	880000	7	875000	88	105	No	NA	LEFT_ARM	JU3125
X	880000	890000	13	885000	89	105	No	NA	LEFT_ARM	JU3125
X	890000	900000	12	895000	90	105	No	NA	LEFT_ARM	JU3125
X	900000	910000	5	905000	91	105	No	NA	LEFT_ARM	JU3125
X	910000	920000	10	915000	92	105	No	NA	LEFT_ARM	JU3125
X	920000	930000	9	925000	93	105	No	NA	LEFT_ARM	JU3125
X	930000	940000	5	935000	94	105	No	NA	LEFT_ARM	JU3125
X	940000	950000	17	945000	95	105	No	NA	LEFT_ARM	JU3125
X	950000	960000	10	955000	96	105	No	NA	LEFT_ARM	JU3125
X	960000	970000	8	965000	97	105	No	NA	LEFT_ARM	JU3125
X	970000	980000	11	975000	98	105	No	NA	LEFT_ARM	JU3125
X	980000	990000	8	985000	99	105	No	NA	LEFT_ARM	JU3125
X	990000	1000000	13	995000	100	105	No	NA	LEFT_ARM	JU3125
X	1000000	1010000	8	1005000	101	105	No	NA	LEFT_ARM	JU3125
X	1010000	1020000	11	1015000	102	105	No	NA	LEFT_ARM	JU3125
X	1020000	1030000	6	1025000	103	105	No	NA	LEFT_ARM	JU3125
X	1030000	1040000	9	1035000	104	105	No	NA	LEFT_ARM	JU3125
X	1040000	1050000	12	1045000	105	105	No	NA	LEFT_ARM	JU3125
X	1050000	1060000	12	1055000	106	105	No	NA	LEFT_ARM	JU3125
X	1060000	1070000	7	1065000	107	105	No	NA	LEFT_ARM	JU3125
X	1070000	1080000	9	1075000	108	105	No	NA	LEFT_ARM	JU3125
X	1080000	1090000	6	1085000	109	105	No	NA	LEFT_ARM	JU3125
X	1090000	1100000	11	1095000	110	105	No	NA	LEFT_ARM	JU3125
X	1100000	1110000	7	1105000	111	105	No	NA	LEFT_ARM	JU3125
X	1110000	1120000	10	1115000	112	105	No	NA	LEFT_ARM	JU3125
X	1120000	1130000	11	1125000	113	105	No	NA	LEFT_ARM	JU3125
X	1130000	1140000	5	1135000	114	105	No	NA	LEFT_ARM	JU3125
X	1140000	1150000	7	1145000	115	105	No	NA	LEFT_ARM	JU3125
X	1150000	1160000	8	1155000	116	105	No	NA	LEFT_ARM	JU3125
X	1160000	1170000	8	1165000	117	105	No	NA	LEFT_ARM	JU3125
X	1170000	1180000	13	1175000	118	105	No	NA	LEFT_ARM	JU3125
X	1180000	1190000	9	1185000	119	105	No	NA	LEFT_ARM	JU3125
X	1190000	1200000	6	1195000	120	105	No	NA	LEFT_ARM	JU3125
X	1200000	1210000	9	1205000	121	105	No	NA	LEFT_ARM	JU3125
X	1210000	1220000	17	1215000	122	105	No	NA	LEFT_ARM	JU3125
X	1220000	1230000	16	1225000	123	105	No	NA	LEFT_ARM	JU3125
X	1230000	1240000	7	1235000	124	105	No	NA	LEFT_ARM	JU3125
X	1240000	1250000	8	1245000	125	105	No	NA	LEFT_ARM	JU3125
X	1250000	1260000	5	1255000	126	105	No	NA	LEFT_ARM	JU3125
X	1260000	1270000	28	1265000	127	105	No	NA	LEFT_ARM	JU3125
X	1270000	1280000	19	1275000	128	105	No	NA	LEFT_ARM	JU3125
X	1280000	1290000	20	1285000	129	105	No	NA	LEFT_ARM	JU3125
X	1290000	1300000	24	1295000	130	105	No	NA	LEFT_ARM	JU3125
X	1300000	1310000	20	1305000	131	105	No	NA	LEFT_ARM	JU3125
X	1310000	1320000	20	1315000	132	105	No	NA	LEFT_ARM	JU3125
X	1320000	1330000	10	1325000	133	105	No	NA	LEFT_ARM	JU3125
X	1330000	1340000	19	1335000	134	105	No	NA	LEFT_ARM	JU3125
X	1340000	1350000	16	1345000	135	105	No	NA	LEFT_ARM	JU3125
X	1350000	1360000	14	1355000	136	105	No	NA	LEFT_ARM	JU3125
X	1360000	1370000	21	1365000	137	105	No	NA	LEFT_ARM	JU3125
X	1370000	1380000	21	1375000	138	105	No	NA	LEFT_ARM	JU3125
X	1380000	1390000	11	1385000	139	105	No	NA	LEFT_ARM	JU3125
X	1390000	1400000	50	1395000	140	25	Yes	Up	LEFT_ARM	JU3125
X	1400000	1410000	37	1405000	141	77	Yes	Up	LEFT_ARM	JU3125
X	1410000	1420000	31	1415000	142	105	No	NA	LEFT_ARM	JU3125
X	1420000	1430000	42	1425000	143	51	Yes	Up	LEFT_ARM	JU3125
X	1430000	1440000	44	1435000	144	45	Yes	Up	LEFT_ARM	JU3125
X	1440000	1450000	46	1445000	145	38	Yes	Up	LEFT_ARM	JU3125
X	1450000	1460000	51	1455000	146	24	Yes	Up	LEFT_ARM	JU3125
X	1460000	1470000	57	1465000	147	14	Yes	Up	LEFT_ARM	JU3125
X	1470000	1480000	55	1475000	148	15	Yes	Up	LEFT_ARM	JU3125
X	1480000	1490000	9	1485000	149	105	No	NA	LEFT_ARM	JU3125
X	1490000	1500000	46	1495000	150	37	Yes	Up	LEFT_ARM	JU3125
X	1500000	1510000	34	1505000	151	105	No	NA	LEFT_ARM	JU3125
X	1510000	1520000	17	1515000	152	105	No	NA	LEFT_ARM	JU3125
X	1520000	1530000	27	1525000	153	105	No	NA	LEFT_ARM	JU3125
X	1530000	1540000	140	1535000	154	3	Yes	Up	LEFT_ARM	JU3125
X	1540000	1550000	169	1545000	155	1	Yes	Up	LEFT_ARM	JU3125
X	1550000	1560000	160	1555000	156	2	Yes	Up	LEFT_ARM	JU3125
X	1560000	1570000	58	1565000	157	12	Yes	Up	LEFT_ARM	JU3125
X	1570000	1580000	12	1575000	158	105	No	NA	LEFT_ARM	JU3125
X	1580000	1590000	5	1585000	159	105	No	NA	LEFT_ARM	JU3125
X	1590000	1600000	12	1595000	160	105	No	NA	LEFT_ARM	JU3125
X	1600000	1610000	12	1605000	161	105	No	NA	LEFT_ARM	JU3125
X	1610000	1620000	9	1615000	162	105	No	NA	LEFT_ARM	JU3125
X	1620000	1630000	11	1625000	163	105	No	NA	LEFT_ARM	JU3125
X	1630000	1640000	17	1635000	164	105	No	NA	LEFT_ARM	JU3125
X	1640000	1650000	17	1645000	165	105	No	NA	LEFT_ARM	JU3125
X	1650000	1660000	11	1655000	166	105	No	NA	LEFT_ARM	JU3125
X	1660000	1670000	3	1665000	167	105	No	NA	LEFT_ARM	JU3125
X	1670000	1680000	8	1675000	168	105	No	NA	LEFT_ARM	JU3125
X	1680000	1690000	3	1685000	169	105	No	NA	LEFT_ARM	JU3125
X	1690000	1700000	4	1695000	170	105	No	NA	LEFT_ARM	JU3125
X	1700000	1710000	8	1705000	171	105	No	NA	LEFT_ARM	JU3125
X	1710000	1720000	10	1715000	172	105	No	NA	LEFT_ARM	JU3125
X	1720000	1730000	17	1725000	173	105	No	NA	LEFT_ARM	JU3125
X	1730000	1740000	14	1735000	174	105	No	NA	LEFT_ARM	JU3125
X	1740000	1750000	6	1745000	175	105	No	NA	LEFT_ARM	JU3125
X	1750000	1760000	11	1755000	176	105	No	NA	LEFT_ARM	JU3125
X	1760000	1770000	9	1765000	177	105	No	NA	LEFT_ARM	JU3125
X	1770000	1780000	8	1775000	178	105	No	NA	LEFT_ARM	JU3125
X	1780000	1790000	19	1785000	179	105	No	NA	LEFT_ARM	JU3125
X	1790000	1800000	40	1795000	180	69	Yes	Up	LEFT_ARM	JU3125
X	1800000	1810000	26	1805000	181	105	No	NA	LEFT_ARM	JU3125
X	1810000	1820000	25	1815000	182	105	No	NA	LEFT_ARM	JU3125
X	1820000	1830000	24	1825000	183	105	No	NA	LEFT_ARM	JU3125
X	1830000	1840000	56	1835000	184	16	Yes	Up	LEFT_ARM	JU3125
X	1840000	1850000	22	1845000	185	105	No	NA	LEFT_ARM	JU3125
X	1850000	1860000	42	1855000	186	57	Yes	Up	LEFT_ARM	JU3125
X	1860000	1870000	15	1865000	187	105	No	NA	LEFT_ARM	JU3125
X	1870000	1880000	26	1875000	188	105	No	NA	LEFT_ARM	JU3125
X	1880000	1890000	64	1885000	189	9	Yes	Up	LEFT_ARM	JU3125
X	1890000	1900000	41	1895000	190	63	Yes	Up	LEFT_ARM	JU3125
X	1900000	1910000	55	1905000	191	22	Yes	Up	LEFT_ARM	JU3125
X	1910000	1920000	46	1915000	192	44	Yes	Up	LEFT_ARM	JU3125
X	1920000	1930000	31	1925000	193	105	No	NA	LEFT_ARM	JU3125
X	1930000	1940000	11	1935000	194	105	No	NA	LEFT_ARM	JU3125
X	1940000	1950000	1	1945000	195	105	No	NA	LEFT_ARM	JU3125
X	1950000	1960000	9	1955000	196	105	No	NA	LEFT_ARM	JU3125
X	1960000	1970000	26	1965000	197	105	No	NA	LEFT_ARM	JU3125
X	1970000	1980000	26	1975000	198	105	No	NA	LEFT_ARM	JU3125
X	1980000	1990000	19	1985000	199	105	No	NA	LEFT_ARM	JU3125
X	1990000	2000000	18	1995000	200	105	No	NA	LEFT_ARM	JU3125
X	2000000	2010000	10	2005000	201	105	No	NA	LEFT_ARM	JU3125
X	2010000	2020000	18	2015000	202	105	No	NA	LEFT_ARM	JU3125
X	2020000	2030000	4	2025000	203	105	No	NA	LEFT_ARM	JU3125
X	2030000	2040000	12	2035000	204	105	No	NA	LEFT_ARM	JU3125
X	2040000	2050000	20	2045000	205	105	No	NA	LEFT_ARM	JU3125
X	2050000	2060000	32	2055000	206	105	No	NA	LEFT_ARM	JU3125
X	2060000	2070000	24	2065000	207	105	No	NA	LEFT_ARM	JU3125
X	2070000	2080000	14	2075000	208	105	No	NA	LEFT_ARM	JU3125
X	2080000	2090000	15	2085000	209	105	No	NA	LEFT_ARM	JU3125
X	2090000	2100000	6	2095000	210	105	No	NA	LEFT_ARM	JU3125
X	2100000	2110000	13	2105000	211	105	No	NA	LEFT_ARM	JU3125
X	2110000	2120000	4	2115000	212	105	No	NA	LEFT_ARM	JU3125
X	2120000	2130000	7	2125000	213	105	No	NA	LEFT_ARM	JU3125
X	2130000	2140000	20	2135000	214	105	No	NA	LEFT_ARM	JU3125
X	2140000	2150000	4	2145000	215	105	No	NA	LEFT_ARM	JU3125
X	2150000	2160000	16	2155000	216	105	No	NA	LEFT_ARM	JU3125
X	2160000	2170000	13	2165000	217	105	No	NA	LEFT_ARM	JU3125
X	2170000	2180000	46	2175000	218	46	Yes	Up	LEFT_ARM	JU3125
X	2180000	2190000	29	2185000	219	105	No	NA	LEFT_ARM	JU3125
X	2190000	2200000	15	2195000	220	105	No	NA	LEFT_ARM	JU3125
X	2200000	2210000	44	2205000	221	55	Yes	Up	LEFT_ARM	JU3125
X	2210000	2220000	21	2215000	222	105	No	NA	LEFT_ARM	JU3125
X	2220000	2230000	27	2225000	223	105	No	NA	LEFT_ARM	JU3125
X	2230000	2240000	27	2235000	224	105	No	NA	LEFT_ARM	JU3125
X	2240000	2250000	27	2245000	225	105	No	NA	LEFT_ARM	JU3125
X	2250000	2260000	30	2255000	226	105	No	NA	LEFT_ARM	JU3125
X	2260000	2270000	22	2265000	227	105	No	NA	LEFT_ARM	JU3125
X	2270000	2280000	14	2275000	228	105	No	NA	LEFT_ARM	JU3125
X	2280000	2290000	18	2285000	229	105	No	NA	LEFT_ARM	JU3125
X	2290000	2300000	21	2295000	230	105	No	NA	LEFT_ARM	JU3125
X	2300000	2310000	14	2305000	231	105	No	NA	LEFT_ARM	JU3125
X	2310000	2320000	17	2315000	232	105	No	NA	LEFT_ARM	JU3125
X	2320000	2330000	32	2325000	233	105	No	NA	LEFT_ARM	JU3125
X	2330000	2340000	15	2335000	234	105	No	NA	LEFT_ARM	JU3125
X	2340000	2350000	28	2345000	235	105	No	NA	LEFT_ARM	JU3125
X	2350000	2360000	61	2355000	236	11	Yes	Up	LEFT_ARM	JU3125
X	2360000	2370000	40	2365000	237	78	Yes	Up	LEFT_ARM	JU3125
X	2370000	2380000	57	2375000	238	18	Yes	Up	LEFT_ARM	JU3125
X	2380000	2390000	48	2385000	239	40	Yes	Up	LEFT_ARM	JU3125
X	2390000	2400000	18	2395000	240	105	No	NA	LEFT_ARM	JU3125
X	2400000	2410000	32	2405000	241	105	No	NA	LEFT_ARM	JU3125
X	2410000	2420000	19	2415000	242	105	No	NA	LEFT_ARM	JU3125
X	2420000	2430000	9	2425000	243	105	No	NA	LEFT_ARM	JU3125
X	2430000	2440000	5	2435000	244	105	No	NA	LEFT_ARM	JU3125
X	2440000	2450000	4	2445000	245	105	No	NA	LEFT_ARM	JU3125
X	2450000	2460000	12	2455000	246	105	No	NA	LEFT_ARM	JU3125
X	2460000	2470000	13	2465000	247	105	No	NA	LEFT_ARM	JU3125
X	2470000	2480000	9	2475000	248	105	No	NA	LEFT_ARM	JU3125
X	2480000	2490000	7	2485000	249	105	No	NA	LEFT_ARM	JU3125
X	2490000	2500000	15	2495000	250	105	No	NA	LEFT_ARM	JU3125
X	2500000	2510000	6	2505000	251	105	No	NA	LEFT_ARM	JU3125
X	2510000	2520000	4	2515000	252	105	No	NA	LEFT_ARM	JU3125
X	2520000	2530000	8	2525000	253	105	No	NA	LEFT_ARM	JU3125
X	2530000	2540000	8	2535000	254	105	No	NA	LEFT_ARM	JU3125
X	2540000	2550000	6	2545000	255	105	No	NA	LEFT_ARM	JU3125
X	2550000	2560000	21	2555000	256	105	No	NA	LEFT_ARM	JU3125
X	2560000	2570000	18	2565000	257	105	No	NA	LEFT_ARM	JU3125
X	2570000	2580000	21	2575000	258	105	No	NA	LEFT_ARM	JU3125
X	2580000	2590000	25	2585000	259	105	No	NA	LEFT_ARM	JU3125
X	2590000	2600000	22	2595000	260	105	No	NA	LEFT_ARM	JU3125
X	2600000	2610000	16	2605000	261	105	No	NA	LEFT_ARM	JU3125
X	2610000	2620000	21	2615000	262	105	No	NA	LEFT_ARM	JU3125
X	2620000	2630000	7	2625000	263	105	No	NA	LEFT_ARM	JU3125
X	2630000	2640000	8	2635000	264	105	No	NA	LEFT_ARM	JU3125
X	2640000	2650000	15	2645000	265	105	No	NA	LEFT_ARM	JU3125
X	2650000	2660000	23	2655000	266	105	No	NA	LEFT_ARM	JU3125
X	2660000	2670000	17	2665000	267	105	No	NA	LEFT_ARM	JU3125
X	2670000	2680000	35	2675000	268	83	Yes	Up	LEFT_ARM	JU3125
X	2680000	2690000	44	2685000	269	39	Yes	Up	LEFT_ARM	JU3125
X	2690000	2700000	19	2695000	270	105	No	NA	LEFT_ARM	JU3125
X	2700000	2710000	26	2705000	271	105	No	NA	LEFT_ARM	JU3125
X	2710000	2720000	18	2715000	272	105	No	NA	LEFT_ARM	JU3125
X	2720000	2730000	23	2725000	273	105	No	NA	LEFT_ARM	JU3125
X	2730000	2740000	21	2735000	274	105	No	NA	LEFT_ARM	JU3125
X	2740000	2750000	19	2745000	275	105	No	NA	LEFT_ARM	JU3125
X	2750000	2760000	46	2755000	276	26	Yes	Up	LEFT_ARM	JU3125
X	2760000	2770000	29	2765000	277	105	No	NA	LEFT_ARM	JU3125
X	2770000	2780000	31	2775000	278	105	No	NA	LEFT_ARM	JU3125
X	2780000	2790000	19	2785000	279	105	No	NA	LEFT_ARM	JU3125
X	2790000	2800000	19	2795000	280	105	No	NA	LEFT_ARM	JU3125
X	2800000	2810000	34	2805000	281	72	Yes	Up	LEFT_ARM	JU3125
X	2810000	2820000	61	2815000	282	7	Yes	Up	LEFT_ARM	JU3125
X	2820000	2830000	30	2825000	283	105	No	NA	LEFT_ARM	JU3125
X	2830000	2840000	15	2835000	284	105	No	NA	LEFT_ARM	JU3125
X	2840000	2850000	13	2845000	285	105	No	NA	LEFT_ARM	JU3125
X	2850000	2860000	14	2855000	286	105	No	NA	LEFT_ARM	JU3125
X	2860000	2870000	1	2865000	287	105	No	NA	LEFT_ARM	JU3125
X	2870000	2880000	2	2875000	288	105	No	NA	LEFT_ARM	JU3125
X	2880000	2890000	2	2885000	289	105	No	NA	LEFT_ARM	JU3125
X	2890000	2900000	1	2895000	290	105	No	NA	LEFT_ARM	JU3125
X	2900000	2910000	1	2905000	291	105	No	NA	LEFT_ARM	JU3125
X	2910000	2920000	0	2915000	292	105	No	NA	LEFT_ARM	JU3125
X	2920000	2930000	2	2925000	293	105	No	NA	LEFT_ARM	JU3125
X	2930000	2940000	4	2935000	294	105	No	NA	LEFT_ARM	JU3125
X	2940000	2950000	0	2945000	295	105	No	NA	LEFT_ARM	JU3125
X	2950000	2960000	1	2955000	296	105	No	NA	LEFT_ARM	JU3125
X	2960000	2970000	0	2965000	297	105	No	NA	LEFT_ARM	JU3125
X	2970000	2980000	6	2975000	298	105	No	NA	LEFT_ARM	JU3125
X	2980000	2990000	0	2985000	299	105	No	NA	LEFT_ARM	JU3125
X	2990000	3000000	0	2995000	300	105	No	NA	LEFT_ARM	JU3125
X	3000000	3010000	3	3005000	301	105	No	NA	LEFT_ARM	JU3125
X	3010000	3020000	1	3015000	302	105	No	NA	LEFT_ARM	JU3125
X	3020000	3030000	1	3025000	303	105	No	NA	LEFT_ARM	JU3125
X	3030000	3040000	0	3035000	304	105	No	NA	LEFT_ARM	JU3125
X	3040000	3050000	0	3045000	305	105	No	NA	LEFT_ARM	JU3125
X	3050000	3060000	0	3055000	306	105	No	NA	LEFT_ARM	JU3125
X	3060000	3070000	1	3065000	307	105	No	NA	LEFT_ARM	JU3125
X	3070000	3080000	0	3075000	308	105	No	NA	LEFT_ARM	JU3125
X	3080000	3090000	1	3085000	309	105	No	NA	LEFT_ARM	JU3125
X	3090000	3100000	1	3095000	310	105	No	NA	LEFT_ARM	JU3125
X	3100000	3110000	0	3105000	311	105	No	NA	LEFT_ARM	JU3125
X	3110000	3120000	1	3115000	312	105	No	NA	LEFT_ARM	JU3125
X	3120000	3130000	0	3125000	313	105	No	NA	LEFT_ARM	JU3125
X	3130000	3140000	0	3135000	314	105	No	NA	LEFT_ARM	JU3125
X	3140000	3150000	3	3145000	315	105	No	NA	LEFT_ARM	JU3125
X	3150000	3160000	4	3155000	316	105	No	NA	LEFT_ARM	JU3125
X	3160000	3170000	0	3165000	317	105	No	NA	LEFT_ARM	JU3125
X	3170000	3180000	1	3175000	318	105	No	NA	LEFT_ARM	JU3125
X	3180000	3190000	1	3185000	319	105	No	NA	LEFT_ARM	JU3125
X	3190000	3200000	1	3195000	320	105	No	NA	LEFT_ARM	JU3125
X	3200000	3210000	2	3205000	321	105	No	NA	LEFT_ARM	JU3125
X	3210000	3220000	1	3215000	322	105	No	NA	LEFT_ARM	JU3125
X	3220000	3230000	3	3225000	323	105	No	NA	LEFT_ARM	JU3125
X	3230000	3240000	0	3235000	324	105	No	NA	LEFT_ARM	JU3125
X	3240000	3250000	0	3245000	325	105	No	NA	LEFT_ARM	JU3125
X	3250000	3260000	0	3255000	326	105	No	NA	LEFT_ARM	JU3125
X	3260000	3270000	1	3265000	327	105	No	NA	LEFT_ARM	JU3125
X	3270000	3280000	1	3275000	328	105	No	NA	LEFT_ARM	JU3125
X	3280000	3290000	0	3285000	329	105	No	NA	LEFT_ARM	JU3125
X	3290000	3300000	0	3295000	330	105	No	NA	LEFT_ARM	JU3125
X	3300000	3310000	1	3305000	331	105	No	NA	LEFT_ARM	JU3125
X	3310000	3320000	0	3315000	332	105	No	NA	LEFT_ARM	JU3125
X	3320000	3330000	0	3325000	333	105	No	NA	LEFT_ARM	JU3125
X	3330000	3340000	0	3335000	334	105	No	NA	LEFT_ARM	JU3125
X	3340000	3350000	0	3345000	335	105	No	NA	LEFT_ARM	JU3125
X	3350000	3360000	2	3355000	336	105	No	NA	LEFT_ARM	JU3125
X	3360000	3370000	1	3365000	337	105	No	NA	LEFT_ARM	JU3125
X	3370000	3380000	0	3375000	338	105	No	NA	LEFT_ARM	JU3125
X	3380000	3390000	0	3385000	339	105	No	NA	LEFT_ARM	JU3125
X	3390000	3400000	0	3395000	340	105	No	NA	LEFT_ARM	JU3125
X	3400000	3410000	0	3405000	341	105	No	NA	LEFT_ARM	JU3125
X	3410000	3420000	1	3415000	342	105	No	NA	LEFT_ARM	JU3125
X	3420000	3430000	0	3425000	343	105	No	NA	LEFT_ARM	JU3125
X	3430000	3440000	1	3435000	344	105	No	NA	LEFT_ARM	JU3125
X	3440000	3450000	0	3445000	345	105	No	NA	LEFT_ARM	JU3125
X	3450000	3460000	0	3455000	346	105	No	NA	LEFT_ARM	JU3125
X	3460000	3470000	2	3465000	347	105	No	NA	LEFT_ARM	JU3125
X	3470000	3480000	2	3475000	348	105	No	NA	LEFT_ARM	JU3125
X	3480000	3490000	3	3485000	349	105	No	NA	LEFT_ARM	JU3125
X	3490000	3500000	1	3495000	350	105	No	NA	LEFT_ARM	JU3125
X	3500000	3510000	1	3505000	351	105	No	NA	LEFT_ARM	JU3125
X	3510000	3520000	0	3515000	352	105	No	NA	LEFT_ARM	JU3125
X	3520000	3530000	2	3525000	353	105	No	NA	LEFT_ARM	JU3125
X	3530000	3540000	1	3535000	354	105	No	NA	LEFT_ARM	JU3125
X	3540000	3550000	0	3545000	355	105	No	NA	LEFT_ARM	JU3125
X	3550000	3560000	0	3555000	356	105	No	NA	LEFT_ARM	JU3125
X	3560000	3570000	0	3565000	357	105	No	NA	LEFT_ARM	JU3125
X	3570000	3580000	1	3575000	358	105	No	NA	LEFT_ARM	JU3125
X	3580000	3590000	2	3585000	359	105	No	NA	LEFT_ARM	JU3125
X	3590000	3600000	2	3595000	360	105	No	NA	LEFT_ARM	JU3125
X	3600000	3610000	1	3605000	361	105	No	NA	LEFT_ARM	JU3125
X	3610000	3620000	0	3615000	362	105	No	NA	LEFT_ARM	JU3125
X	3620000	3630000	0	3625000	363	105	No	NA	LEFT_ARM	JU3125
X	3630000	3640000	3	3635000	364	105	No	NA	LEFT_ARM	JU3125
X	3640000	3650000	0	3645000	365	105	No	NA	LEFT_ARM	JU3125
X	3650000	3660000	0	3655000	366	105	No	NA	LEFT_ARM	JU3125
X	3660000	3670000	0	3665000	367	105	No	NA	LEFT_ARM	JU3125
X	3670000	3680000	0	3675000	368	105	No	NA	LEFT_ARM	JU3125
X	3680000	3690000	1	3685000	369	105	No	NA	LEFT_ARM	JU3125
X	3690000	3700000	0	3695000	370	105	No	NA	LEFT_ARM	JU3125
X	3700000	3710000	0	3705000	371	105	No	NA	LEFT_ARM	JU3125
X	3710000	3720000	3	3715000	372	105	No	NA	LEFT_ARM	JU3125
X	3720000	3730000	0	3725000	373	105	No	NA	LEFT_ARM	JU3125
X	3730000	3740000	0	3735000	374	105	No	NA	LEFT_ARM	JU3125
X	3740000	3750000	0	3745000	375	105	No	NA	LEFT_ARM	JU3125
X	3750000	3760000	0	3755000	376	105	No	NA	LEFT_ARM	JU3125
X	3760000	3770000	0	3765000	377	105	No	NA	LEFT_ARM	JU3125
X	3770000	3780000	0	3775000	378	105	No	NA	LEFT_ARM	JU3125
X	3780000	3790000	2	3785000	379	105	No	NA	LEFT_ARM	JU3125
X	3790000	3800000	0	3795000	380	105	No	NA	LEFT_ARM	JU3125
X	3800000	3810000	0	3805000	381	105	No	NA	LEFT_ARM	JU3125
X	3810000	3820000	10	3815000	382	105	No	NA	LEFT_ARM	JU3125
X	3820000	3830000	2	3825000	383	105	No	NA	LEFT_ARM	JU3125
X	3830000	3840000	1	3835000	384	105	No	NA	LEFT_ARM	JU3125
X	3840000	3850000	1	3845000	385	105	No	NA	LEFT_ARM	JU3125
X	3850000	3860000	1	3855000	386	105	No	NA	LEFT_ARM	JU3125
X	3860000	3870000	2	3865000	387	105	No	NA	LEFT_ARM	JU3125
X	3870000	3880000	1	3875000	388	105	No	NA	LEFT_ARM	JU3125
X	3880000	3890000	2	3885000	389	105	No	NA	LEFT_ARM	JU3125
X	3890000	3900000	0	3895000	390	105	No	NA	LEFT_ARM	JU3125
X	3900000	3910000	1	3905000	391	105	No	NA	LEFT_ARM	JU3125
X	3910000	3920000	0	3915000	392	105	No	NA	LEFT_ARM	JU3125
X	3920000	3930000	1	3925000	393	105	No	NA	LEFT_ARM	JU3125
X	3930000	3940000	0	3935000	394	105	No	NA	LEFT_ARM	JU3125
X	3940000	3950000	0	3945000	395	105	No	NA	LEFT_ARM	JU3125
X	3950000	3960000	1	3955000	396	105	No	NA	LEFT_ARM	JU3125
X	3960000	3970000	0	3965000	397	105	No	NA	LEFT_ARM	JU3125
X	3970000	3980000	0	3975000	398	105	No	NA	LEFT_ARM	JU3125
X	3980000	3990000	1	3985000	399	105	No	NA	LEFT_ARM	JU3125
X	3990000	4000000	1	3995000	400	105	No	NA	LEFT_ARM	JU3125
X	4000000	4010000	0	4005000	401	105	No	NA	LEFT_ARM	JU3125
X	4010000	4020000	0	4015000	402	105	No	NA	LEFT_ARM	JU3125
X	4020000	4030000	11	4025000	403	105	No	NA	LEFT_ARM	JU3125
X	4030000	4040000	17	4035000	404	105	No	NA	LEFT_ARM	JU3125
X	4040000	4050000	7	4045000	405	105	No	NA	LEFT_ARM	JU3125
X	4050000	4060000	6	4055000	406	105	No	NA	LEFT_ARM	JU3125
X	4060000	4070000	2	4065000	407	105	No	NA	LEFT_ARM	JU3125
X	4070000	4080000	1	4075000	408	105	No	NA	LEFT_ARM	JU3125
X	4080000	4090000	0	4085000	409	105	No	NA	LEFT_ARM	JU3125
X	4090000	4100000	1	4095000	410	105	No	NA	LEFT_ARM	JU3125
X	4100000	4110000	1	4105000	411	105	No	NA	LEFT_ARM	JU3125
X	4110000	4120000	0	4115000	412	105	No	NA	LEFT_ARM	JU3125
X	4120000	4130000	1	4125000	413	105	No	NA	LEFT_ARM	JU3125
X	4130000	4140000	0	4135000	414	105	No	NA	LEFT_ARM	JU3125
X	4140000	4150000	0	4145000	415	105	No	NA	LEFT_ARM	JU3125
X	4150000	4160000	3	4155000	416	105	No	NA	LEFT_ARM	JU3125
X	4160000	4170000	1	4165000	417	105	No	NA	LEFT_ARM	JU3125
X	4170000	4180000	1	4175000	418	105	No	NA	LEFT_ARM	JU3125
X	4180000	4190000	0	4185000	419	105	No	NA	LEFT_ARM	JU3125
X	4190000	4200000	1	4195000	420	105	No	NA	LEFT_ARM	JU3125
X	4200000	4210000	0	4205000	421	105	No	NA	LEFT_ARM	JU3125
X	4210000	4220000	0	4215000	422	105	No	NA	LEFT_ARM	JU3125
X	4220000	4230000	1	4225000	423	105	No	NA	LEFT_ARM	JU3125
X	4230000	4240000	2	4235000	424	105	No	NA	LEFT_ARM	JU3125
X	4240000	4250000	11	4245000	425	105	No	NA	LEFT_ARM	JU3125
X	4250000	4260000	2	4255000	426	105	No	NA	LEFT_ARM	JU3125
X	4260000	4270000	3	4265000	427	105	No	NA	LEFT_ARM	JU3125
X	4270000	4280000	1	4275000	428	105	No	NA	LEFT_ARM	JU3125
X	4280000	4290000	0	4285000	429	105	No	NA	LEFT_ARM	JU3125
X	4290000	4300000	3	4295000	430	105	No	NA	LEFT_ARM	JU3125
X	4300000	4310000	0	4305000	431	105	No	NA	LEFT_ARM	JU3125
X	4310000	4320000	0	4315000	432	105	No	NA	LEFT_ARM	JU3125
X	4320000	4330000	1	4325000	433	105	No	NA	LEFT_ARM	JU3125
X	4330000	4340000	0	4335000	434	105	No	NA	LEFT_ARM	JU3125
X	4340000	4350000	0	4345000	435	105	No	NA	LEFT_ARM	JU3125
X	4350000	4360000	0	4355000	436	105	No	NA	LEFT_ARM	JU3125
X	4360000	4370000	0	4365000	437	105	No	NA	LEFT_ARM	JU3125
X	4370000	4380000	0	4375000	438	105	No	NA	LEFT_ARM	JU3125
X	4380000	4390000	1	4385000	439	105	No	NA	LEFT_ARM	JU3125
X	4390000	4400000	2	4395000	440	105	No	NA	LEFT_ARM	JU3125
X	4400000	4410000	2	4405000	441	105	No	NA	LEFT_ARM	JU3125
X	4410000	4420000	1	4415000	442	105	No	NA	LEFT_ARM	JU3125
X	4420000	4430000	0	4425000	443	105	No	NA	LEFT_ARM	JU3125
X	4430000	4440000	0	4435000	444	105	No	NA	LEFT_ARM	JU3125
X	4440000	4450000	0	4445000	445	105	No	NA	LEFT_ARM	JU3125
X	4450000	4460000	0	4455000	446	105	No	NA	LEFT_ARM	JU3125
X	4460000	4470000	0	4465000	447	105	No	NA	LEFT_ARM	JU3125
X	4470000	4480000	0	4475000	448	105	No	NA	LEFT_ARM	JU3125
X	4480000	4490000	0	4485000	449	105	No	NA	LEFT_ARM	JU3125
X	4490000	4500000	1	4495000	450	105	No	NA	LEFT_ARM	JU3125
X	4500000	4510000	2	4505000	451	105	No	NA	LEFT_ARM	JU3125
X	4510000	4520000	0	4515000	452	105	No	NA	LEFT_ARM	JU3125
X	4520000	4530000	1	4525000	453	105	No	NA	LEFT_ARM	JU3125
X	4530000	4540000	0	4535000	454	105	No	NA	LEFT_ARM	JU3125
X	4540000	4550000	0	4545000	455	105	No	NA	LEFT_ARM	JU3125
X	4550000	4560000	1	4555000	456	105	No	NA	LEFT_ARM	JU3125
X	4560000	4570000	1	4565000	457	105	No	NA	LEFT_ARM	JU3125
X	4570000	4580000	2	4575000	458	105	No	NA	LEFT_ARM	JU3125
X	4580000	4590000	1	4585000	459	105	No	NA	LEFT_ARM	JU3125
X	4590000	4600000	0	4595000	460	105	No	NA	LEFT_ARM	JU3125
X	4600000	4610000	1	4605000	461	105	No	NA	LEFT_ARM	JU3125
X	4610000	4620000	0	4615000	462	105	No	NA	LEFT_ARM	JU3125
X	4620000	4630000	1	4625000	463	105	No	NA	LEFT_ARM	JU3125
X	4630000	4640000	0	4635000	464	105	No	NA	LEFT_ARM	JU3125
X	4640000	4650000	1	4645000	465	105	No	NA	LEFT_ARM	JU3125
X	4650000	4660000	0	4655000	466	105	No	NA	LEFT_ARM	JU3125
X	4660000	4670000	3	4665000	467	105	No	NA	LEFT_ARM	JU3125
X	4670000	4680000	1	4675000	468	105	No	NA	LEFT_ARM	JU3125
X	4680000	4690000	1	4685000	469	105	No	NA	LEFT_ARM	JU3125
X	4690000	4700000	0	4695000	470	105	No	NA	LEFT_ARM	JU3125
X	4700000	4710000	1	4705000	471	105	No	NA	LEFT_ARM	JU3125
X	4710000	4720000	0	4715000	472	105	No	NA	LEFT_ARM	JU3125
X	4720000	4730000	1	4725000	473	105	No	NA	LEFT_ARM	JU3125
X	4730000	4740000	0	4735000	474	105	No	NA	LEFT_ARM	JU3125
X	4740000	4750000	1	4745000	475	105	No	NA	LEFT_ARM	JU3125
X	4750000	4760000	1	4755000	476	105	No	NA	LEFT_ARM	JU3125
X	4760000	4770000	2	4765000	477	105	No	NA	LEFT_ARM	JU3125
X	4770000	4780000	1	4775000	478	105	No	NA	LEFT_ARM	JU3125
X	4780000	4790000	0	4785000	479	105	No	NA	LEFT_ARM	JU3125
X	4790000	4800000	0	4795000	480	105	No	NA	LEFT_ARM	JU3125
X	4800000	4810000	1	4805000	481	105	No	NA	LEFT_ARM	JU3125
X	4810000	4820000	0	4815000	482	105	No	NA	LEFT_ARM	JU3125
X	4820000	4830000	0	4825000	483	105	No	NA	LEFT_ARM	JU3125
X	4830000	4840000	1	4835000	484	105	No	NA	LEFT_ARM	JU3125
X	4840000	4850000	0	4845000	485	105	No	NA	LEFT_ARM	JU3125
X	4850000	4860000	2	4855000	486	105	No	NA	LEFT_ARM	JU3125
X	4860000	4870000	1	4865000	487	105	No	NA	LEFT_ARM	JU3125
X	4870000	4880000	0	4875000	488	105	No	NA	LEFT_ARM	JU3125
X	4880000	4890000	1	4885000	489	105	No	NA	LEFT_ARM	JU3125
X	4890000	4900000	2	4895000	490	105	No	NA	LEFT_ARM	JU3125
X	4900000	4910000	1	4905000	491	105	No	NA	LEFT_ARM	JU3125
X	4910000	4920000	1	4915000	492	105	No	NA	LEFT_ARM	JU3125
X	4920000	4930000	0	4925000	493	105	No	NA	LEFT_ARM	JU3125
X	4930000	4940000	1	4935000	494	105	No	NA	LEFT_ARM	JU3125
X	4940000	4950000	0	4945000	495	105	No	NA	LEFT_ARM	JU3125
X	4950000	4960000	1	4955000	496	105	No	NA	LEFT_ARM	JU3125
X	4960000	4970000	0	4965000	497	105	No	NA	LEFT_ARM	JU3125
X	4970000	4980000	0	4975000	498	105	No	NA	LEFT_ARM	JU3125
X	4980000	4990000	2	4985000	499	105	No	NA	LEFT_ARM	JU3125
X	4990000	5000000	2	4995000	500	105	No	NA	LEFT_ARM	JU3125
X	5000000	5010000	1	5005000	501	105	No	NA	LEFT_ARM	JU3125
X	5010000	5020000	0	5015000	502	105	No	NA	LEFT_ARM	JU3125
X	5020000	5030000	0	5025000	503	105	No	NA	LEFT_ARM	JU3125
X	5030000	5040000	0	5035000	504	105	No	NA	LEFT_ARM	JU3125
X	5040000	5050000	5	5045000	505	105	No	NA	LEFT_ARM	JU3125
X	5050000	5060000	8	5055000	506	105	No	NA	LEFT_ARM	JU3125
X	5060000	5070000	0	5065000	507	105	No	NA	LEFT_ARM	JU3125
X	5070000	5080000	1	5075000	508	105	No	NA	LEFT_ARM	JU3125
X	5080000	5090000	0	5085000	509	105	No	NA	LEFT_ARM	JU3125
X	5090000	5100000	0	5095000	510	105	No	NA	LEFT_ARM	JU3125
X	5100000	5110000	0	5105000	511	105	No	NA	LEFT_ARM	JU3125
X	5110000	5120000	0	5115000	512	105	No	NA	LEFT_ARM	JU3125
X	5120000	5130000	0	5125000	513	105	No	NA	LEFT_ARM	JU3125
X	5130000	5140000	1	5135000	514	105	No	NA	LEFT_ARM	JU3125
X	5140000	5150000	2	5145000	515	105	No	NA	LEFT_ARM	JU3125
X	5150000	5160000	0	5155000	516	105	No	NA	LEFT_ARM	JU3125
X	5160000	5170000	0	5165000	517	105	No	NA	LEFT_ARM	JU3125
X	5170000	5180000	0	5175000	518	105	No	NA	LEFT_ARM	JU3125
X	5180000	5190000	0	5185000	519	105	No	NA	LEFT_ARM	JU3125
X	5190000	5200000	1	5195000	520	105	No	NA	LEFT_ARM	JU3125
X	5200000	5210000	0	5205000	521	105	No	NA	LEFT_ARM	JU3125
X	5210000	5220000	1	5215000	522	105	No	NA	LEFT_ARM	JU3125
X	5220000	5230000	0	5225000	523	105	No	NA	LEFT_ARM	JU3125
X	5230000	5240000	0	5235000	524	105	No	NA	LEFT_ARM	JU3125
X	5240000	5250000	0	5245000	525	105	No	NA	LEFT_ARM	JU3125
X	5250000	5260000	0	5255000	526	105	No	NA	LEFT_ARM	JU3125
X	5260000	5270000	0	5265000	527	105	No	NA	LEFT_ARM	JU3125
X	5270000	5280000	0	5275000	528	105	No	NA	LEFT_ARM	JU3125
X	5280000	5290000	0	5285000	529	105	No	NA	LEFT_ARM	JU3125
X	5290000	5300000	0	5295000	530	105	No	NA	LEFT_ARM	JU3125
X	5300000	5310000	0	5305000	531	105	No	NA	LEFT_ARM	JU3125
X	5310000	5320000	1	5315000	532	105	No	NA	LEFT_ARM	JU3125
X	5320000	5330000	0	5325000	533	105	No	NA	LEFT_ARM	JU3125
X	5330000	5340000	0	5335000	534	105	No	NA	LEFT_ARM	JU3125
X	5340000	5350000	0	5345000	535	105	No	NA	LEFT_ARM	JU3125
X	5350000	5360000	1	5355000	536	105	No	NA	LEFT_ARM	JU3125
X	5360000	5370000	0	5365000	537	105	No	NA	LEFT_ARM	JU3125
X	5370000	5380000	1	5375000	538	105	No	NA	LEFT_ARM	JU3125
X	5380000	5390000	0	5385000	539	105	No	NA	LEFT_ARM	JU3125
X	5390000	5400000	0	5395000	540	105	No	NA	LEFT_ARM	JU3125
X	5400000	5410000	2	5405000	541	105	No	NA	LEFT_ARM	JU3125
X	5410000	5420000	0	5415000	542	105	No	NA	LEFT_ARM	JU3125
X	5420000	5430000	0	5425000	543	105	No	NA	LEFT_ARM	JU3125
X	5430000	5440000	0	5435000	544	105	No	NA	LEFT_ARM	JU3125
X	5440000	5450000	1	5445000	545	105	No	NA	LEFT_ARM	JU3125
X	5450000	5460000	0	5455000	546	105	No	NA	LEFT_ARM	JU3125
X	5460000	5470000	1	5465000	547	105	No	NA	LEFT_ARM	JU3125
X	5470000	5480000	1	5475000	548	105	No	NA	LEFT_ARM	JU3125
X	5480000	5490000	0	5485000	549	105	No	NA	LEFT_ARM	JU3125
X	5490000	5500000	0	5495000	550	105	No	NA	LEFT_ARM	JU3125
X	5500000	5510000	3	5505000	551	105	No	NA	LEFT_ARM	JU3125
X	5510000	5520000	1	5515000	552	105	No	NA	LEFT_ARM	JU3125
X	5520000	5530000	0	5525000	553	105	No	NA	LEFT_ARM	JU3125
X	5530000	5540000	0	5535000	554	105	No	NA	LEFT_ARM	JU3125
X	5540000	5550000	0	5545000	555	105	No	NA	LEFT_ARM	JU3125
X	5550000	5560000	0	5555000	556	105	No	NA	LEFT_ARM	JU3125
X	5560000	5570000	2	5565000	557	105	No	NA	LEFT_ARM	JU3125
X	5570000	5580000	0	5575000	558	105	No	NA	LEFT_ARM	JU3125
X	5580000	5590000	2	5585000	559	105	No	NA	LEFT_ARM	JU3125
X	5590000	5600000	0	5595000	560	105	No	NA	LEFT_ARM	JU3125
X	5600000	5610000	0	5605000	561	105	No	NA	LEFT_ARM	JU3125
X	5610000	5620000	0	5615000	562	105	No	NA	LEFT_ARM	JU3125
X	5620000	5630000	1	5625000	563	105	No	NA	LEFT_ARM	JU3125
X	5630000	5640000	1	5635000	564	105	No	NA	LEFT_ARM	JU3125
X	5640000	5650000	0	5645000	565	105	No	NA	LEFT_ARM	JU3125
X	5650000	5660000	0	5655000	566	105	No	NA	LEFT_ARM	JU3125
X	5660000	5670000	2	5665000	567	105	No	NA	LEFT_ARM	JU3125
X	5670000	5680000	0	5675000	568	105	No	NA	LEFT_ARM	JU3125
X	5680000	5690000	1	5685000	569	105	No	NA	LEFT_ARM	JU3125
X	5690000	5700000	1	5695000	570	105	No	NA	LEFT_ARM	JU3125
X	5700000	5710000	0	5705000	571	105	No	NA	LEFT_ARM	JU3125
X	5710000	5720000	0	5715000	572	105	No	NA	LEFT_ARM	JU3125
X	5720000	5730000	1	5725000	573	105	No	NA	LEFT_ARM	JU3125
X	5730000	5740000	2	5735000	574	105	No	NA	LEFT_ARM	JU3125
X	5740000	5750000	2	5745000	575	105	No	NA	LEFT_ARM	JU3125
X	5750000	5760000	1	5755000	576	105	No	NA	LEFT_ARM	JU3125
X	5760000	5770000	0	5765000	577	105	No	NA	LEFT_ARM	JU3125
X	5770000	5780000	0	5775000	578	105	No	NA	LEFT_ARM	JU3125
X	5780000	5790000	0	5785000	579	105	No	NA	LEFT_ARM	JU3125
X	5790000	5800000	0	5795000	580	105	No	NA	LEFT_ARM	JU3125
X	5800000	5810000	1	5805000	581	105	No	NA	LEFT_ARM	JU3125
X	5810000	5820000	2	5815000	582	105	No	NA	LEFT_ARM	JU3125
X	5820000	5830000	2	5825000	583	105	No	NA	LEFT_ARM	JU3125
X	5830000	5840000	0	5835000	584	105	No	NA	LEFT_ARM	JU3125
X	5840000	5850000	1	5845000	585	105	No	NA	LEFT_ARM	JU3125
X	5850000	5860000	0	5855000	586	105	No	NA	LEFT_ARM	JU3125
X	5860000	5870000	4	5865000	587	105	No	NA	LEFT_ARM	JU3125
X	5870000	5880000	21	5875000	588	105	No	NA	LEFT_ARM	JU3125
X	5880000	5890000	10	5885000	589	105	No	NA	LEFT_ARM	JU3125
X	5890000	5900000	5	5895000	590	105	No	NA	LEFT_ARM	JU3125
X	5900000	5910000	9	5905000	591	105	No	NA	LEFT_ARM	JU3125
X	5910000	5920000	10	5915000	592	105	No	NA	LEFT_ARM	JU3125
X	5920000	5930000	9	5925000	593	105	No	NA	LEFT_ARM	JU3125
X	5930000	5940000	14	5935000	594	105	No	NA	LEFT_ARM	JU3125
X	5940000	5950000	18	5945000	595	105	No	NA	LEFT_ARM	JU3125
X	5950000	5960000	22	5955000	596	105	No	NA	LEFT_ARM	JU3125
X	5960000	5970000	12	5965000	597	105	No	NA	LEFT_ARM	JU3125
X	5970000	5980000	16	5975000	598	105	No	NA	LEFT_ARM	JU3125
X	5980000	5990000	18	5985000	599	105	No	NA	LEFT_ARM	JU3125
X	5990000	6000000	19	5995000	600	105	No	NA	LEFT_ARM	JU3125
X	6000000	6010000	15	6005000	601	105	No	NA	LEFT_ARM	JU3125
X	6010000	6020000	12	6015000	602	105	No	NA	LEFT_ARM	JU3125
X	6020000	6030000	20	6025000	603	105	No	NA	LEFT_ARM	JU3125
X	6030000	6040000	24	6035000	604	105	No	NA	LEFT_ARM	JU3125
X	6040000	6050000	17	6045000	605	105	No	NA	LEFT_ARM	JU3125
X	6050000	6060000	13	6055000	606	105	No	NA	LEFT_ARM	JU3125
X	6060000	6070000	10	6065000	607	105	No	NA	LEFT_ARM	JU3125
X	6070000	6080000	14	6075000	608	105	No	NA	LEFT_ARM	JU3125
X	6080000	6090000	26	6085000	609	105	No	NA	LEFT_ARM	JU3125
X	6090000	6100000	13	6095000	610	105	No	NA	LEFT_ARM	JU3125
X	6100000	6110000	15	6105000	611	105	No	NA	LEFT_ARM	JU3125
X	6110000	6120000	10	6115000	612	105	No	NA	LEFT_ARM	JU3125
X	6120000	6130000	7	6125000	613	105	No	NA	LEFT_ARM	JU3125
X	6130000	6140000	16	6135000	614	105	No	NA	LEFT_ARM	JU3125
X	6140000	6150000	24	6145000	615	105	No	NA	CENTER	JU3125
X	6150000	6160000	22	6155000	616	105	No	NA	CENTER	JU3125
X	6160000	6170000	8	6165000	617	105	No	NA	CENTER	JU3125
X	6170000	6180000	15	6175000	618	105	No	NA	CENTER	JU3125
X	6180000	6190000	17	6185000	619	105	No	NA	CENTER	JU3125
X	6190000	6200000	3	6195000	620	105	No	NA	CENTER	JU3125
X	6200000	6210000	7	6205000	621	105	No	NA	CENTER	JU3125
X	6210000	6220000	7	6215000	622	105	No	NA	CENTER	JU3125
X	6220000	6230000	12	6225000	623	105	No	NA	CENTER	JU3125
X	6230000	6240000	8	6235000	624	105	No	NA	CENTER	JU3125
X	6240000	6250000	11	6245000	625	105	No	NA	CENTER	JU3125
X	6250000	6260000	8	6255000	626	105	No	NA	CENTER	JU3125
X	6260000	6270000	15	6265000	627	105	No	NA	CENTER	JU3125
X	6270000	6280000	2	6275000	628	105	No	NA	CENTER	JU3125
X	6280000	6290000	14	6285000	629	105	No	NA	CENTER	JU3125
X	6290000	6300000	7	6295000	630	105	No	NA	CENTER	JU3125
X	6300000	6310000	3	6305000	631	105	No	NA	CENTER	JU3125
X	6310000	6320000	3	6315000	632	105	No	NA	CENTER	JU3125
X	6320000	6330000	3	6325000	633	105	No	NA	CENTER	JU3125
X	6330000	6340000	6	6335000	634	105	No	NA	CENTER	JU3125
X	6340000	6350000	3	6345000	635	105	No	NA	CENTER	JU3125
X	6350000	6360000	6	6355000	636	105	No	NA	CENTER	JU3125
X	6360000	6370000	7	6365000	637	105	No	NA	CENTER	JU3125
X	6370000	6380000	2	6375000	638	105	No	NA	CENTER	JU3125
X	6380000	6390000	3	6385000	639	105	No	NA	CENTER	JU3125
X	6390000	6400000	6	6395000	640	105	No	NA	CENTER	JU3125
X	6400000	6410000	6	6405000	641	105	No	NA	CENTER	JU3125
X	6410000	6420000	6	6415000	642	105	No	NA	CENTER	JU3125
X	6420000	6430000	3	6425000	643	105	No	NA	CENTER	JU3125
X	6430000	6440000	3	6435000	644	105	No	NA	CENTER	JU3125
X	6440000	6450000	7	6445000	645	105	No	NA	CENTER	JU3125
X	6450000	6460000	10	6455000	646	105	No	NA	CENTER	JU3125
X	6460000	6470000	46	6465000	647	27	Yes	Up	CENTER	JU3125
X	6470000	6480000	30	6475000	648	105	No	NA	CENTER	JU3125
X	6480000	6490000	17	6485000	649	105	No	NA	CENTER	JU3125
X	6490000	6500000	8	6495000	650	105	No	NA	CENTER	JU3125
X	6500000	6510000	6	6505000	651	105	No	NA	CENTER	JU3125
X	6510000	6520000	10	6515000	652	105	No	NA	CENTER	JU3125
X	6520000	6530000	9	6525000	653	105	No	NA	CENTER	JU3125
X	6530000	6540000	6	6535000	654	105	No	NA	CENTER	JU3125
X	6540000	6550000	25	6545000	655	105	No	NA	CENTER	JU3125
X	6550000	6560000	22	6555000	656	105	No	NA	CENTER	JU3125
X	6560000	6570000	9	6565000	657	105	No	NA	CENTER	JU3125
X	6570000	6580000	5	6575000	658	105	No	NA	CENTER	JU3125
X	6580000	6590000	11	6585000	659	105	No	NA	CENTER	JU3125
X	6590000	6600000	7	6595000	660	105	No	NA	CENTER	JU3125
X	6600000	6610000	9	6605000	661	105	No	NA	CENTER	JU3125
X	6610000	6620000	14	6615000	662	105	No	NA	CENTER	JU3125
X	6620000	6630000	6	6625000	663	105	No	NA	CENTER	JU3125
X	6630000	6640000	8	6635000	664	105	No	NA	CENTER	JU3125
X	6640000	6650000	14	6645000	665	105	No	NA	CENTER	JU3125
X	6650000	6660000	10	6655000	666	105	No	NA	CENTER	JU3125
X	6660000	6670000	6	6665000	667	105	No	NA	CENTER	JU3125
X	6670000	6680000	12	6675000	668	105	No	NA	CENTER	JU3125
X	6680000	6690000	16	6685000	669	105	No	NA	CENTER	JU3125
X	6690000	6700000	17	6695000	670	105	No	NA	CENTER	JU3125
X	6700000	6710000	10	6705000	671	105	No	NA	CENTER	JU3125
X	6710000	6720000	7	6715000	672	105	No	NA	CENTER	JU3125
X	6720000	6730000	19	6725000	673	105	No	NA	CENTER	JU3125
X	6730000	6740000	11	6735000	674	105	No	NA	CENTER	JU3125
X	6740000	6750000	22	6745000	675	105	No	NA	CENTER	JU3125
X	6750000	6760000	19	6755000	676	105	No	NA	CENTER	JU3125
X	6760000	6770000	18	6765000	677	105	No	NA	CENTER	JU3125
X	6770000	6780000	13	6775000	678	105	No	NA	CENTER	JU3125
X	6780000	6790000	19	6785000	679	105	No	NA	CENTER	JU3125
X	6790000	6800000	19	6795000	680	105	No	NA	CENTER	JU3125
X	6800000	6810000	19	6805000	681	105	No	NA	CENTER	JU3125
X	6810000	6820000	6	6815000	682	105	No	NA	CENTER	JU3125
X	6820000	6830000	11	6825000	683	105	No	NA	CENTER	JU3125
X	6830000	6840000	12	6835000	684	105	No	NA	CENTER	JU3125
X	6840000	6850000	20	6845000	685	105	No	NA	CENTER	JU3125
X	6850000	6860000	14	6855000	686	105	No	NA	CENTER	JU3125
X	6860000	6870000	14	6865000	687	105	No	NA	CENTER	JU3125
X	6870000	6880000	25	6875000	688	105	No	NA	CENTER	JU3125
X	6880000	6890000	15	6885000	689	105	No	NA	CENTER	JU3125
X	6890000	6900000	5	6895000	690	105	No	NA	CENTER	JU3125
X	6900000	6910000	21	6905000	691	105	No	NA	CENTER	JU3125
X	6910000	6920000	18	6915000	692	105	No	NA	CENTER	JU3125
X	6920000	6930000	11	6925000	693	105	No	NA	CENTER	JU3125
X	6930000	6940000	13	6935000	694	105	No	NA	CENTER	JU3125
X	6940000	6950000	8	6945000	695	105	No	NA	CENTER	JU3125
X	6950000	6960000	12	6955000	696	105	No	NA	CENTER	JU3125
X	6960000	6970000	13	6965000	697	105	No	NA	CENTER	JU3125
X	6970000	6980000	17	6975000	698	105	No	NA	CENTER	JU3125
X	6980000	6990000	19	6985000	699	105	No	NA	CENTER	JU3125
X	6990000	7000000	11	6995000	700	105	No	NA	CENTER	JU3125
X	7000000	7010000	16	7005000	701	105	No	NA	CENTER	JU3125
X	7010000	7020000	19	7015000	702	105	No	NA	CENTER	JU3125
X	7020000	7030000	18	7025000	703	105	No	NA	CENTER	JU3125
X	7030000	7040000	12	7035000	704	105	No	NA	CENTER	JU3125
X	7040000	7050000	13	7045000	705	105	No	NA	CENTER	JU3125
X	7050000	7060000	13	7055000	706	105	No	NA	CENTER	JU3125
X	7060000	7070000	10	7065000	707	105	No	NA	CENTER	JU3125
X	7070000	7080000	62	7075000	708	10	Yes	Up	CENTER	JU3125
X	7080000	7090000	21	7085000	709	105	No	NA	CENTER	JU3125
X	7090000	7100000	15	7095000	710	105	No	NA	CENTER	JU3125
X	7100000	7110000	15	7105000	711	105	No	NA	CENTER	JU3125
X	7110000	7120000	20	7115000	712	105	No	NA	CENTER	JU3125
X	7120000	7130000	17	7125000	713	105	No	NA	CENTER	JU3125
X	7130000	7140000	15	7135000	714	105	No	NA	CENTER	JU3125
X	7140000	7150000	3	7145000	715	105	No	NA	CENTER	JU3125
X	7150000	7160000	16	7155000	716	105	No	NA	CENTER	JU3125
X	7160000	7170000	9	7165000	717	105	No	NA	CENTER	JU3125
X	7170000	7180000	27	7175000	718	105	No	NA	CENTER	JU3125
X	7180000	7190000	23	7185000	719	105	No	NA	CENTER	JU3125
X	7190000	7200000	10	7195000	720	105	No	NA	CENTER	JU3125
X	7200000	7210000	19	7205000	721	105	No	NA	CENTER	JU3125
X	7210000	7220000	16	7215000	722	105	No	NA	CENTER	JU3125
X	7220000	7230000	30	7225000	723	105	No	NA	CENTER	JU3125
X	7230000	7240000	19	7235000	724	105	No	NA	CENTER	JU3125
X	7240000	7250000	19	7245000	725	105	No	NA	CENTER	JU3125
X	7250000	7260000	27	7255000	726	105	No	NA	CENTER	JU3125
X	7260000	7270000	25	7265000	727	105	No	NA	CENTER	JU3125
X	7270000	7280000	10	7275000	728	105	No	NA	CENTER	JU3125
X	7280000	7290000	52	7285000	729	28	Yes	Up	CENTER	JU3125
X	7290000	7300000	21	7295000	730	105	No	NA	CENTER	JU3125
X	7300000	7310000	15	7305000	731	105	No	NA	CENTER	JU3125
X	7310000	7320000	21	7315000	732	105	No	NA	CENTER	JU3125
X	7320000	7330000	14	7325000	733	105	No	NA	CENTER	JU3125
X	7330000	7340000	14	7335000	734	105	No	NA	CENTER	JU3125
X	7340000	7350000	37	7345000	735	105	No	NA	CENTER	JU3125
X	7350000	7360000	5	7355000	736	105	No	NA	CENTER	JU3125
X	7360000	7370000	57	7365000	737	21	Yes	Up	CENTER	JU3125
X	7370000	7380000	52	7375000	738	29	Yes	Up	CENTER	JU3125
X	7380000	7390000	43	7385000	739	66	Yes	Up	CENTER	JU3125
X	7390000	7400000	47	7395000	740	47	Yes	Up	CENTER	JU3125
X	7400000	7410000	47	7405000	741	48	Yes	Up	CENTER	JU3125
X	7410000	7420000	61	7415000	742	13	Yes	Up	CENTER	JU3125
X	7420000	7430000	44	7425000	743	58	Yes	Up	CENTER	JU3125
X	7430000	7440000	45	7435000	744	54	Yes	Up	CENTER	JU3125
X	7440000	7450000	44	7445000	745	59	Yes	Up	CENTER	JU3125
X	7450000	7460000	36	7455000	746	105	No	NA	CENTER	JU3125
X	7460000	7470000	36	7465000	747	105	No	NA	CENTER	JU3125
X	7470000	7480000	14	7475000	748	105	No	NA	CENTER	JU3125
X	7480000	7490000	17	7485000	749	105	No	NA	CENTER	JU3125
X	7490000	7500000	11	7495000	750	105	No	NA	CENTER	JU3125
X	7500000	7510000	21	7505000	751	105	No	NA	CENTER	JU3125
X	7510000	7520000	10	7515000	752	105	No	NA	CENTER	JU3125
X	7520000	7530000	19	7525000	753	105	No	NA	CENTER	JU3125
X	7530000	7540000	19	7535000	754	105	No	NA	CENTER	JU3125
X	7540000	7550000	12	7545000	755	105	No	NA	CENTER	JU3125
X	7550000	7560000	10	7555000	756	105	No	NA	CENTER	JU3125
X	7560000	7570000	4	7565000	757	105	No	NA	CENTER	JU3125
X	7570000	7580000	10	7575000	758	105	No	NA	CENTER	JU3125
X	7580000	7590000	11	7585000	759	105	No	NA	CENTER	JU3125
X	7590000	7600000	12	7595000	760	105	No	NA	CENTER	JU3125
X	7600000	7610000	7	7605000	761	105	No	NA	CENTER	JU3125
X	7610000	7620000	20	7615000	762	105	No	NA	CENTER	JU3125
X	7620000	7630000	30	7625000	763	105	No	NA	CENTER	JU3125
X	7630000	7640000	12	7635000	764	105	No	NA	CENTER	JU3125
X	7640000	7650000	14	7645000	765	105	No	NA	CENTER	JU3125
X	7650000	7660000	17	7655000	766	105	No	NA	CENTER	JU3125
X	7660000	7670000	15	7665000	767	105	No	NA	CENTER	JU3125
X	7670000	7680000	24	7675000	768	105	No	NA	CENTER	JU3125
X	7680000	7690000	17	7685000	769	105	No	NA	CENTER	JU3125
X	7690000	7700000	27	7695000	770	105	No	NA	CENTER	JU3125
X	7700000	7710000	19	7705000	771	105	No	NA	CENTER	JU3125
X	7710000	7720000	34	7715000	772	105	No	NA	CENTER	JU3125
X	7720000	7730000	24	7725000	773	105	No	NA	CENTER	JU3125
X	7730000	7740000	19	7735000	774	105	No	NA	CENTER	JU3125
X	7740000	7750000	20	7745000	775	105	No	NA	CENTER	JU3125
X	7750000	7760000	24	7755000	776	105	No	NA	CENTER	JU3125
X	7760000	7770000	29	7765000	777	105	No	NA	CENTER	JU3125
X	7770000	7780000	29	7775000	778	105	No	NA	CENTER	JU3125
X	7780000	7790000	6	7785000	779	105	No	NA	CENTER	JU3125
X	7790000	7800000	5	7795000	780	105	No	NA	CENTER	JU3125
X	7800000	7810000	11	7805000	781	105	No	NA	CENTER	JU3125
X	7810000	7820000	13	7815000	782	105	No	NA	CENTER	JU3125
X	7820000	7830000	8	7825000	783	105	No	NA	CENTER	JU3125
X	7830000	7840000	17	7835000	784	105	No	NA	CENTER	JU3125
X	7840000	7850000	22	7845000	785	105	No	NA	CENTER	JU3125
X	7850000	7860000	18	7855000	786	105	No	NA	CENTER	JU3125
X	7860000	7870000	47	7865000	787	52	Yes	Up	CENTER	JU3125
X	7870000	7880000	23	7875000	788	105	No	NA	CENTER	JU3125
X	7880000	7890000	11	7885000	789	105	No	NA	CENTER	JU3125
X	7890000	7900000	17	7895000	790	105	No	NA	CENTER	JU3125
X	7900000	7910000	18	7905000	791	105	No	NA	CENTER	JU3125
X	7910000	7920000	12	7915000	792	105	No	NA	CENTER	JU3125
X	7920000	7930000	21	7925000	793	105	No	NA	CENTER	JU3125
X	7930000	7940000	18	7935000	794	105	No	NA	CENTER	JU3125
X	7940000	7950000	22	7945000	795	105	No	NA	CENTER	JU3125
X	7950000	7960000	25	7955000	796	105	No	NA	CENTER	JU3125
X	7960000	7970000	35	7965000	797	105	No	NA	CENTER	JU3125
X	7970000	7980000	18	7975000	798	105	No	NA	CENTER	JU3125
X	7980000	7990000	13	7985000	799	105	No	NA	CENTER	JU3125
X	7990000	8000000	20	7995000	800	105	No	NA	CENTER	JU3125
X	8000000	8010000	20	8005000	801	105	No	NA	CENTER	JU3125
X	8010000	8020000	33	8015000	802	105	No	NA	CENTER	JU3125
X	8020000	8030000	16	8025000	803	105	No	NA	CENTER	JU3125
X	8030000	8040000	25	8035000	804	105	No	NA	CENTER	JU3125
X	8040000	8050000	18	8045000	805	105	No	NA	CENTER	JU3125
X	8050000	8060000	21	8055000	806	105	No	NA	CENTER	JU3125
X	8060000	8070000	16	8065000	807	105	No	NA	CENTER	JU3125
X	8070000	8080000	21	8075000	808	105	No	NA	CENTER	JU3125
X	8080000	8090000	11	8085000	809	105	No	NA	CENTER	JU3125
X	8090000	8100000	16	8095000	810	105	No	NA	CENTER	JU3125
X	8100000	8110000	23	8105000	811	105	No	NA	CENTER	JU3125
X	8110000	8120000	15	8115000	812	105	No	NA	CENTER	JU3125
X	8120000	8130000	12	8125000	813	105	No	NA	CENTER	JU3125
X	8130000	8140000	15	8135000	814	105	No	NA	CENTER	JU3125
X	8140000	8150000	11	8145000	815	105	No	NA	CENTER	JU3125
X	8150000	8160000	14	8155000	816	105	No	NA	CENTER	JU3125
X	8160000	8170000	14	8165000	817	105	No	NA	CENTER	JU3125
X	8170000	8180000	19	8175000	818	105	No	NA	CENTER	JU3125
X	8180000	8190000	42	8185000	819	75	Yes	Up	CENTER	JU3125
X	8190000	8200000	36	8195000	820	105	No	NA	CENTER	JU3125
X	8200000	8210000	51	8205000	821	36	Yes	Up	CENTER	JU3125
X	8210000	8220000	37	8215000	822	105	No	NA	CENTER	JU3125
X	8220000	8230000	26	8225000	823	105	No	NA	CENTER	JU3125
X	8230000	8240000	22	8235000	824	105	No	NA	CENTER	JU3125
X	8240000	8250000	6	8245000	825	105	No	NA	CENTER	JU3125
X	8250000	8260000	13	8255000	826	105	No	NA	CENTER	JU3125
X	8260000	8270000	11	8265000	827	105	No	NA	CENTER	JU3125
X	8270000	8280000	26	8275000	828	105	No	NA	CENTER	JU3125
X	8280000	8290000	18	8285000	829	105	No	NA	CENTER	JU3125
X	8290000	8300000	20	8295000	830	105	No	NA	CENTER	JU3125
X	8300000	8310000	25	8305000	831	105	No	NA	CENTER	JU3125
X	8310000	8320000	28	8315000	832	105	No	NA	CENTER	JU3125
X	8320000	8330000	20	8325000	833	105	No	NA	CENTER	JU3125
X	8330000	8340000	16	8335000	834	105	No	NA	CENTER	JU3125
X	8340000	8350000	15	8345000	835	105	No	NA	CENTER	JU3125
X	8350000	8360000	19	8355000	836	105	No	NA	CENTER	JU3125
X	8360000	8370000	17	8365000	837	105	No	NA	CENTER	JU3125
X	8370000	8380000	21	8375000	838	105	No	NA	CENTER	JU3125
X	8380000	8390000	13	8385000	839	105	No	NA	CENTER	JU3125
X	8390000	8400000	15	8395000	840	105	No	NA	CENTER	JU3125
X	8400000	8410000	16	8405000	841	105	No	NA	CENTER	JU3125
X	8410000	8420000	8	8415000	842	105	No	NA	CENTER	JU3125
X	8420000	8430000	11	8425000	843	105	No	NA	CENTER	JU3125
X	8430000	8440000	9	8435000	844	105	No	NA	CENTER	JU3125
X	8440000	8450000	8	8445000	845	105	No	NA	CENTER	JU3125
X	8450000	8460000	6	8455000	846	105	No	NA	CENTER	JU3125
X	8460000	8470000	9	8465000	847	105	No	NA	CENTER	JU3125
X	8470000	8480000	6	8475000	848	105	No	NA	CENTER	JU3125
X	8480000	8490000	12	8485000	849	105	No	NA	CENTER	JU3125
X	8490000	8500000	17	8495000	850	105	No	NA	CENTER	JU3125
X	8500000	8510000	11	8505000	851	105	No	NA	CENTER	JU3125
X	8510000	8520000	16	8515000	852	105	No	NA	CENTER	JU3125
X	8520000	8530000	10	8525000	853	105	No	NA	CENTER	JU3125
X	8530000	8540000	20	8535000	854	105	No	NA	CENTER	JU3125
X	8540000	8550000	19	8545000	855	105	No	NA	CENTER	JU3125
X	8550000	8560000	14	8555000	856	105	No	NA	CENTER	JU3125
X	8560000	8570000	14	8565000	857	105	No	NA	CENTER	JU3125
X	8570000	8580000	25	8575000	858	105	No	NA	CENTER	JU3125
X	8580000	8590000	13	8585000	859	105	No	NA	CENTER	JU3125
X	8590000	8600000	25	8595000	860	105	No	NA	CENTER	JU3125
X	8600000	8610000	19	8605000	861	105	No	NA	CENTER	JU3125
X	8610000	8620000	9	8615000	862	105	No	NA	CENTER	JU3125
X	8620000	8630000	10	8625000	863	105	No	NA	CENTER	JU3125
X	8630000	8640000	19	8635000	864	105	No	NA	CENTER	JU3125
X	8640000	8650000	12	8645000	865	105	No	NA	CENTER	JU3125
X	8650000	8660000	6	8655000	866	105	No	NA	CENTER	JU3125
X	8660000	8670000	7	8665000	867	105	No	NA	CENTER	JU3125
X	8670000	8680000	6	8675000	868	105	No	NA	CENTER	JU3125
X	8680000	8690000	11	8685000	869	105	No	NA	CENTER	JU3125
X	8690000	8700000	19	8695000	870	105	No	NA	CENTER	JU3125
X	8700000	8710000	11	8705000	871	105	No	NA	CENTER	JU3125
X	8710000	8720000	14	8715000	872	105	No	NA	CENTER	JU3125
X	8720000	8730000	12	8725000	873	105	No	NA	CENTER	JU3125
X	8730000	8740000	18	8735000	874	105	No	NA	CENTER	JU3125
X	8740000	8750000	22	8745000	875	105	No	NA	CENTER	JU3125
X	8750000	8760000	19	8755000	876	105	No	NA	CENTER	JU3125
X	8760000	8770000	29	8765000	877	105	No	NA	CENTER	JU3125
X	8770000	8780000	27	8775000	878	105	No	NA	CENTER	JU3125
X	8780000	8790000	12	8785000	879	105	No	NA	CENTER	JU3125
X	8790000	8800000	14	8795000	880	105	No	NA	CENTER	JU3125
X	8800000	8810000	33	8805000	881	105	No	NA	CENTER	JU3125
X	8810000	8820000	25	8815000	882	105	No	NA	CENTER	JU3125
X	8820000	8830000	14	8825000	883	105	No	NA	CENTER	JU3125
X	8830000	8840000	18	8835000	884	105	No	NA	CENTER	JU3125
X	8840000	8850000	17	8845000	885	105	No	NA	CENTER	JU3125
X	8850000	8860000	17	8855000	886	105	No	NA	CENTER	JU3125
X	8860000	8870000	26	8865000	887	105	No	NA	CENTER	JU3125
X	8870000	8880000	16	8875000	888	105	No	NA	CENTER	JU3125
X	8880000	8890000	23	8885000	889	105	No	NA	CENTER	JU3125
X	8890000	8900000	18	8895000	890	105	No	NA	CENTER	JU3125
X	8900000	8910000	18	8905000	891	105	No	NA	CENTER	JU3125
X	8910000	8920000	12	8915000	892	105	No	NA	CENTER	JU3125
X	8920000	8930000	12	8925000	893	105	No	NA	CENTER	JU3125
X	8930000	8940000	10	8935000	894	105	No	NA	CENTER	JU3125
X	8940000	8950000	7	8945000	895	105	No	NA	CENTER	JU3125
X	8950000	8960000	5	8955000	896	105	No	NA	CENTER	JU3125
X	8960000	8970000	10	8965000	897	105	No	NA	CENTER	JU3125
X	8970000	8980000	7	8975000	898	105	No	NA	CENTER	JU3125
X	8980000	8990000	7	8985000	899	105	No	NA	CENTER	JU3125
X	8990000	9000000	10	8995000	900	105	No	NA	CENTER	JU3125
X	9000000	9010000	20	9005000	901	105	No	NA	CENTER	JU3125
X	9010000	9020000	37	9015000	902	84	Yes	Up	CENTER	JU3125
X	9020000	9030000	39	9025000	903	70	Yes	Up	CENTER	JU3125
X	9030000	9040000	6	9035000	904	105	No	NA	CENTER	JU3125
X	9040000	9050000	10	9045000	905	105	No	NA	CENTER	JU3125
X	9050000	9060000	14	9055000	906	105	No	NA	CENTER	JU3125
X	9060000	9070000	16	9065000	907	105	No	NA	CENTER	JU3125
X	9070000	9080000	22	9075000	908	105	No	NA	CENTER	JU3125
X	9080000	9090000	20	9085000	909	105	No	NA	CENTER	JU3125
X	9090000	9100000	9	9095000	910	105	No	NA	CENTER	JU3125
X	9100000	9110000	19	9105000	911	105	No	NA	CENTER	JU3125
X	9110000	9120000	8	9115000	912	105	No	NA	CENTER	JU3125
X	9120000	9130000	9	9125000	913	105	No	NA	CENTER	JU3125
X	9130000	9140000	9	9135000	914	105	No	NA	CENTER	JU3125
X	9140000	9150000	19	9145000	915	105	No	NA	CENTER	JU3125
X	9150000	9160000	25	9155000	916	105	No	NA	CENTER	JU3125
X	9160000	9170000	24	9165000	917	105	No	NA	CENTER	JU3125
X	9170000	9180000	10	9175000	918	105	No	NA	CENTER	JU3125
X	9180000	9190000	16	9185000	919	105	No	NA	CENTER	JU3125
X	9190000	9200000	9	9195000	920	105	No	NA	CENTER	JU3125
X	9200000	9210000	10	9205000	921	105	No	NA	CENTER	JU3125
X	9210000	9220000	7	9215000	922	105	No	NA	CENTER	JU3125
X	9220000	9230000	11	9225000	923	105	No	NA	CENTER	JU3125
X	9230000	9240000	12	9235000	924	105	No	NA	CENTER	JU3125
X	9240000	9250000	7	9245000	925	105	No	NA	CENTER	JU3125
X	9250000	9260000	26	9255000	926	105	No	NA	CENTER	JU3125
X	9260000	9270000	36	9265000	927	74	Yes	Up	CENTER	JU3125
X	9270000	9280000	10	9275000	928	105	No	NA	CENTER	JU3125
X	9280000	9290000	15	9285000	929	105	No	NA	CENTER	JU3125
X	9290000	9300000	8	9295000	930	105	No	NA	CENTER	JU3125
X	9300000	9310000	4	9305000	931	105	No	NA	CENTER	JU3125
X	9310000	9320000	6	9315000	932	105	No	NA	CENTER	JU3125
X	9320000	9330000	12	9325000	933	105	No	NA	CENTER	JU3125
X	9330000	9340000	9	9335000	934	105	No	NA	CENTER	JU3125
X	9340000	9350000	4	9345000	935	105	No	NA	CENTER	JU3125
X	9350000	9360000	12	9355000	936	105	No	NA	CENTER	JU3125
X	9360000	9370000	23	9365000	937	105	No	NA	CENTER	JU3125
X	9370000	9380000	19	9375000	938	105	No	NA	CENTER	JU3125
X	9380000	9390000	16	9385000	939	105	No	NA	CENTER	JU3125
X	9390000	9400000	29	9395000	940	105	No	NA	CENTER	JU3125
X	9400000	9410000	12	9405000	941	105	No	NA	CENTER	JU3125
X	9410000	9420000	12	9415000	942	105	No	NA	CENTER	JU3125
X	9420000	9430000	5	9425000	943	105	No	NA	CENTER	JU3125
X	9430000	9440000	28	9435000	944	105	No	NA	CENTER	JU3125
X	9440000	9450000	16	9445000	945	105	No	NA	CENTER	JU3125
X	9450000	9460000	11	9455000	946	105	No	NA	CENTER	JU3125
X	9460000	9470000	25	9465000	947	105	No	NA	CENTER	JU3125
X	9470000	9480000	19	9475000	948	105	No	NA	CENTER	JU3125
X	9480000	9490000	15	9485000	949	105	No	NA	CENTER	JU3125
X	9490000	9500000	25	9495000	950	105	No	NA	CENTER	JU3125
X	9500000	9510000	7	9505000	951	105	No	NA	CENTER	JU3125
X	9510000	9520000	2	9515000	952	105	No	NA	CENTER	JU3125
X	9520000	9530000	7	9525000	953	105	No	NA	CENTER	JU3125
X	9530000	9540000	2	9535000	954	105	No	NA	CENTER	JU3125
X	9540000	9550000	1	9545000	955	105	No	NA	CENTER	JU3125
X	9550000	9560000	1	9555000	956	105	No	NA	CENTER	JU3125
X	9560000	9570000	3	9565000	957	105	No	NA	CENTER	JU3125
X	9570000	9580000	1	9575000	958	105	No	NA	CENTER	JU3125
X	9580000	9590000	4	9585000	959	105	No	NA	CENTER	JU3125
X	9590000	9600000	2	9595000	960	105	No	NA	CENTER	JU3125
X	9600000	9610000	5	9605000	961	105	No	NA	CENTER	JU3125
X	9610000	9620000	2	9615000	962	105	No	NA	CENTER	JU3125
X	9620000	9630000	6	9625000	963	105	No	NA	CENTER	JU3125
X	9630000	9640000	2	9635000	964	105	No	NA	CENTER	JU3125
X	9640000	9650000	3	9645000	965	105	No	NA	CENTER	JU3125
X	9650000	9660000	5	9655000	966	105	No	NA	CENTER	JU3125
X	9660000	9670000	5	9665000	967	105	No	NA	CENTER	JU3125
X	9670000	9680000	4	9675000	968	105	No	NA	CENTER	JU3125
X	9680000	9690000	7	9685000	969	105	No	NA	CENTER	JU3125
X	9690000	9700000	4	9695000	970	105	No	NA	CENTER	JU3125
X	9700000	9710000	7	9705000	971	105	No	NA	CENTER	JU3125
X	9710000	9720000	7	9715000	972	105	No	NA	CENTER	JU3125
X	9720000	9730000	4	9725000	973	105	No	NA	CENTER	JU3125
X	9730000	9740000	5	9735000	974	105	No	NA	CENTER	JU3125
X	9740000	9750000	5	9745000	975	105	No	NA	CENTER	JU3125
X	9750000	9760000	1	9755000	976	105	No	NA	CENTER	JU3125
X	9760000	9770000	1	9765000	977	105	No	NA	CENTER	JU3125
X	9770000	9780000	4	9775000	978	105	No	NA	CENTER	JU3125
X	9780000	9790000	7	9785000	979	105	No	NA	CENTER	JU3125
X	9790000	9800000	4	9795000	980	105	No	NA	CENTER	JU3125
X	9800000	9810000	1	9805000	981	105	No	NA	CENTER	JU3125
X	9810000	9820000	1	9815000	982	105	No	NA	CENTER	JU3125
X	9820000	9830000	5	9825000	983	105	No	NA	CENTER	JU3125
X	9830000	9840000	1	9835000	984	105	No	NA	CENTER	JU3125
X	9840000	9850000	4	9845000	985	105	No	NA	CENTER	JU3125
X	9850000	9860000	1	9855000	986	105	No	NA	CENTER	JU3125
X	9860000	9870000	1	9865000	987	105	No	NA	CENTER	JU3125
X	9870000	9880000	2	9875000	988	105	No	NA	CENTER	JU3125
X	9880000	9890000	1	9885000	989	105	No	NA	CENTER	JU3125
X	9890000	9900000	2	9895000	990	105	No	NA	CENTER	JU3125
X	9900000	9910000	3	9905000	991	105	No	NA	CENTER	JU3125
X	9910000	9920000	3	9915000	992	105	No	NA	CENTER	JU3125
X	9920000	9930000	2	9925000	993	105	No	NA	CENTER	JU3125
X	9930000	9940000	2	9935000	994	105	No	NA	CENTER	JU3125
X	9940000	9950000	0	9945000	995	105	No	NA	CENTER	JU3125
X	9950000	9960000	6	9955000	996	105	No	NA	CENTER	JU3125
X	9960000	9970000	8	9965000	997	105	No	NA	CENTER	JU3125
X	9970000	9980000	1	9975000	998	105	No	NA	CENTER	JU3125
X	9980000	9990000	14	9985000	999	105	No	NA	CENTER	JU3125
X	9990000	10000000	18	9995000	1000	105	No	NA	CENTER	JU3125
X	10000000	10010000	11	10005000	1001	105	No	NA	CENTER	JU3125
X	10010000	10020000	4	10015000	1002	105	No	NA	CENTER	JU3125
X	10020000	10030000	9	10025000	1003	105	No	NA	CENTER	JU3125
X	10030000	10040000	10	10035000	1004	105	No	NA	CENTER	JU3125
X	10040000	10050000	7	10045000	1005	105	No	NA	CENTER	JU3125
X	10050000	10060000	11	10055000	1006	105	No	NA	CENTER	JU3125
X	10060000	10070000	8	10065000	1007	105	No	NA	CENTER	JU3125
X	10070000	10080000	14	10075000	1008	105	No	NA	CENTER	JU3125
X	10080000	10090000	5	10085000	1009	105	No	NA	CENTER	JU3125
X	10090000	10100000	2	10095000	1010	105	No	NA	CENTER	JU3125
X	10100000	10110000	6	10105000	1011	105	No	NA	CENTER	JU3125
X	10110000	10120000	19	10115000	1012	105	No	NA	CENTER	JU3125
X	10120000	10130000	14	10125000	1013	105	No	NA	CENTER	JU3125
X	10130000	10140000	13	10135000	1014	105	No	NA	CENTER	JU3125
X	10140000	10150000	11	10145000	1015	105	No	NA	CENTER	JU3125
X	10150000	10160000	5	10155000	1016	105	No	NA	CENTER	JU3125
X	10160000	10170000	8	10165000	1017	105	No	NA	CENTER	JU3125
X	10170000	10180000	8	10175000	1018	105	No	NA	CENTER	JU3125
X	10180000	10190000	3	10185000	1019	105	No	NA	CENTER	JU3125
X	10190000	10200000	8	10195000	1020	105	No	NA	CENTER	JU3125
X	10200000	10210000	25	10205000	1021	105	No	NA	CENTER	JU3125
X	10210000	10220000	43	10215000	1022	41	Yes	Up	CENTER	JU3125
X	10220000	10230000	45	10225000	1023	34	Yes	Up	CENTER	JU3125
X	10230000	10240000	31	10235000	1024	105	No	NA	CENTER	JU3125
X	10240000	10250000	20	10245000	1025	105	No	NA	CENTER	JU3125
X	10250000	10260000	27	10255000	1026	105	No	NA	CENTER	JU3125
X	10260000	10270000	27	10265000	1027	105	No	NA	CENTER	JU3125
X	10270000	10280000	12	10275000	1028	105	No	NA	CENTER	JU3125
X	10280000	10290000	23	10285000	1029	105	No	NA	CENTER	JU3125
X	10290000	10300000	22	10295000	1030	105	No	NA	CENTER	JU3125
X	10300000	10310000	14	10305000	1031	105	No	NA	CENTER	JU3125
X	10310000	10320000	19	10315000	1032	105	No	NA	CENTER	JU3125
X	10320000	10330000	65	10325000	1033	6	Yes	Up	CENTER	JU3125
X	10330000	10340000	21	10335000	1034	105	No	NA	CENTER	JU3125
X	10340000	10350000	7	10345000	1035	105	No	NA	CENTER	JU3125
X	10350000	10360000	13	10355000	1036	105	No	NA	CENTER	JU3125
X	10360000	10370000	20	10365000	1037	105	No	NA	CENTER	JU3125
X	10370000	10380000	14	10375000	1038	105	No	NA	CENTER	JU3125
X	10380000	10390000	20	10385000	1039	105	No	NA	CENTER	JU3125
X	10390000	10400000	15	10395000	1040	105	No	NA	CENTER	JU3125
X	10400000	10410000	10	10405000	1041	105	No	NA	CENTER	JU3125
X	10410000	10420000	9	10415000	1042	105	No	NA	CENTER	JU3125
X	10420000	10430000	10	10425000	1043	105	No	NA	CENTER	JU3125
X	10430000	10440000	10	10435000	1044	105	No	NA	CENTER	JU3125
X	10440000	10450000	15	10445000	1045	105	No	NA	CENTER	JU3125
X	10450000	10460000	11	10455000	1046	105	No	NA	CENTER	JU3125
X	10460000	10470000	9	10465000	1047	105	No	NA	CENTER	JU3125
X	10470000	10480000	13	10475000	1048	105	No	NA	CENTER	JU3125
X	10480000	10490000	12	10485000	1049	105	No	NA	CENTER	JU3125
X	10490000	10500000	14	10495000	1050	105	No	NA	CENTER	JU3125
X	10500000	10510000	10	10505000	1051	105	No	NA	CENTER	JU3125
X	10510000	10520000	14	10515000	1052	105	No	NA	CENTER	JU3125
X	10520000	10530000	9	10525000	1053	105	No	NA	CENTER	JU3125
X	10530000	10540000	6	10535000	1054	105	No	NA	CENTER	JU3125
X	10540000	10550000	10	10545000	1055	105	No	NA	CENTER	JU3125
X	10550000	10560000	12	10555000	1056	105	No	NA	CENTER	JU3125
X	10560000	10570000	14	10565000	1057	105	No	NA	CENTER	JU3125
X	10570000	10580000	14	10575000	1058	105	No	NA	CENTER	JU3125
X	10580000	10590000	5	10585000	1059	105	No	NA	CENTER	JU3125
X	10590000	10600000	12	10595000	1060	105	No	NA	CENTER	JU3125
X	10600000	10610000	13	10605000	1061	105	No	NA	CENTER	JU3125
X	10610000	10620000	6	10615000	1062	105	No	NA	CENTER	JU3125
X	10620000	10630000	15	10625000	1063	105	No	NA	CENTER	JU3125
X	10630000	10640000	14	10635000	1064	105	No	NA	CENTER	JU3125
X	10640000	10650000	17	10645000	1065	105	No	NA	CENTER	JU3125
X	10650000	10660000	20	10655000	1066	105	No	NA	CENTER	JU3125
X	10660000	10670000	12	10665000	1067	105	No	NA	CENTER	JU3125
X	10670000	10680000	18	10675000	1068	105	No	NA	CENTER	JU3125
X	10680000	10690000	18	10685000	1069	105	No	NA	CENTER	JU3125
X	10690000	10700000	13	10695000	1070	105	No	NA	CENTER	JU3125
X	10700000	10710000	11	10705000	1071	105	No	NA	CENTER	JU3125
X	10710000	10720000	6	10715000	1072	105	No	NA	CENTER	JU3125
X	10720000	10730000	8	10725000	1073	105	No	NA	CENTER	JU3125
X	10730000	10740000	4	10735000	1074	105	No	NA	CENTER	JU3125
X	10740000	10750000	9	10745000	1075	105	No	NA	CENTER	JU3125
X	10750000	10760000	6	10755000	1076	105	No	NA	CENTER	JU3125
X	10760000	10770000	5	10765000	1077	105	No	NA	CENTER	JU3125
X	10770000	10780000	4	10775000	1078	105	No	NA	CENTER	JU3125
X	10780000	10790000	6	10785000	1079	105	No	NA	CENTER	JU3125
X	10790000	10800000	5	10795000	1080	105	No	NA	CENTER	JU3125
X	10800000	10810000	7	10805000	1081	105	No	NA	CENTER	JU3125
X	10810000	10820000	4	10815000	1082	105	No	NA	CENTER	JU3125
X	10820000	10830000	7	10825000	1083	105	No	NA	CENTER	JU3125
X	10830000	10840000	11	10835000	1084	105	No	NA	CENTER	JU3125
X	10840000	10850000	6	10845000	1085	105	No	NA	CENTER	JU3125
X	10850000	10860000	6	10855000	1086	105	No	NA	CENTER	JU3125
X	10860000	10870000	7	10865000	1087	105	No	NA	CENTER	JU3125
X	10870000	10880000	3	10875000	1088	105	No	NA	CENTER	JU3125
X	10880000	10890000	2	10885000	1089	105	No	NA	CENTER	JU3125
X	10890000	10900000	7	10895000	1090	105	No	NA	CENTER	JU3125
X	10900000	10910000	3	10905000	1091	105	No	NA	CENTER	JU3125
X	10910000	10920000	9	10915000	1092	105	No	NA	CENTER	JU3125
X	10920000	10930000	4	10925000	1093	105	No	NA	CENTER	JU3125
X	10930000	10940000	8	10935000	1094	105	No	NA	CENTER	JU3125
X	10940000	10950000	19	10945000	1095	105	No	NA	CENTER	JU3125
X	10950000	10960000	11	10955000	1096	105	No	NA	CENTER	JU3125
X	10960000	10970000	4	10965000	1097	105	No	NA	CENTER	JU3125
X	10970000	10980000	4	10975000	1098	105	No	NA	CENTER	JU3125
X	10980000	10990000	5	10985000	1099	105	No	NA	CENTER	JU3125
X	10990000	11000000	3	10995000	1100	105	No	NA	CENTER	JU3125
X	11000000	11010000	4	11005000	1101	105	No	NA	CENTER	JU3125
X	11010000	11020000	5	11015000	1102	105	No	NA	CENTER	JU3125
X	11020000	11030000	7	11025000	1103	105	No	NA	CENTER	JU3125
X	11030000	11040000	13	11035000	1104	105	No	NA	CENTER	JU3125
X	11040000	11050000	19	11045000	1105	105	No	NA	CENTER	JU3125
X	11050000	11060000	10	11055000	1106	105	No	NA	CENTER	JU3125
X	11060000	11070000	18	11065000	1107	105	No	NA	CENTER	JU3125
X	11070000	11080000	11	11075000	1108	105	No	NA	CENTER	JU3125
X	11080000	11090000	18	11085000	1109	105	No	NA	CENTER	JU3125
X	11090000	11100000	15	11095000	1110	105	No	NA	CENTER	JU3125
X	11100000	11110000	17	11105000	1111	105	No	NA	CENTER	JU3125
X	11110000	11120000	8	11115000	1112	105	No	NA	CENTER	JU3125
X	11120000	11130000	9	11125000	1113	105	No	NA	CENTER	JU3125
X	11130000	11140000	6	11135000	1114	105	No	NA	CENTER	JU3125
X	11140000	11150000	10	11145000	1115	105	No	NA	CENTER	JU3125
X	11150000	11160000	12	11155000	1116	105	No	NA	CENTER	JU3125
X	11160000	11170000	4	11165000	1117	105	No	NA	CENTER	JU3125
X	11170000	11180000	4	11175000	1118	105	No	NA	CENTER	JU3125
X	11180000	11190000	5	11185000	1119	105	No	NA	CENTER	JU3125
X	11190000	11200000	1	11195000	1120	105	No	NA	CENTER	JU3125
X	11200000	11210000	3	11205000	1121	105	No	NA	CENTER	JU3125
X	11210000	11220000	11	11215000	1122	105	No	NA	CENTER	JU3125
X	11220000	11230000	13	11225000	1123	105	No	NA	CENTER	JU3125
X	11230000	11240000	7	11235000	1124	105	No	NA	CENTER	JU3125
X	11240000	11250000	11	11245000	1125	105	No	NA	CENTER	JU3125
X	11250000	11260000	9	11255000	1126	105	No	NA	CENTER	JU3125
X	11260000	11270000	11	11265000	1127	105	No	NA	CENTER	JU3125
X	11270000	11280000	11	11275000	1128	105	No	NA	CENTER	JU3125
X	11280000	11290000	11	11285000	1129	105	No	NA	CENTER	JU3125
X	11290000	11300000	5	11295000	1130	105	No	NA	CENTER	JU3125
X	11300000	11310000	9	11305000	1131	105	No	NA	CENTER	JU3125
X	11310000	11320000	14	11315000	1132	105	No	NA	CENTER	JU3125
X	11320000	11330000	18	11325000	1133	105	No	NA	CENTER	JU3125
X	11330000	11340000	14	11335000	1134	105	No	NA	CENTER	JU3125
X	11340000	11350000	10	11345000	1135	105	No	NA	CENTER	JU3125
X	11350000	11360000	12	11355000	1136	105	No	NA	CENTER	JU3125
X	11360000	11370000	13	11365000	1137	105	No	NA	CENTER	JU3125
X	11370000	11380000	3	11375000	1138	105	No	NA	CENTER	JU3125
X	11380000	11390000	15	11385000	1139	105	No	NA	CENTER	JU3125
X	11390000	11400000	7	11395000	1140	105	No	NA	CENTER	JU3125
X	11400000	11410000	15	11405000	1141	105	No	NA	CENTER	JU3125
X	11410000	11420000	1	11415000	1142	105	No	NA	CENTER	JU3125
X	11420000	11430000	0	11425000	1143	105	No	NA	CENTER	JU3125
X	11430000	11440000	6	11435000	1144	105	No	NA	CENTER	JU3125
X	11440000	11450000	6	11445000	1145	105	No	NA	CENTER	JU3125
X	11450000	11460000	0	11455000	1146	105	No	NA	CENTER	JU3125
X	11460000	11470000	0	11465000	1147	105	No	NA	CENTER	JU3125
X	11470000	11480000	0	11475000	1148	105	No	NA	CENTER	JU3125
X	11480000	11490000	0	11485000	1149	105	No	NA	CENTER	JU3125
X	11490000	11500000	1	11495000	1150	105	No	NA	CENTER	JU3125
X	11500000	11510000	0	11505000	1151	105	No	NA	CENTER	JU3125
X	11510000	11520000	0	11515000	1152	105	No	NA	CENTER	JU3125
X	11520000	11530000	0	11525000	1153	105	No	NA	CENTER	JU3125
X	11530000	11540000	0	11535000	1154	105	No	NA	CENTER	JU3125
X	11540000	11550000	0	11545000	1155	105	No	NA	CENTER	JU3125
X	11550000	11560000	0	11555000	1156	105	No	NA	CENTER	JU3125
X	11560000	11570000	0	11565000	1157	105	No	NA	CENTER	JU3125
X	11570000	11580000	0	11575000	1158	105	No	NA	CENTER	JU3125
X	11580000	11590000	0	11585000	1159	105	No	NA	CENTER	JU3125
X	11590000	11600000	0	11595000	1160	105	No	NA	CENTER	JU3125
X	11600000	11610000	0	11605000	1161	105	No	NA	CENTER	JU3125
X	11610000	11620000	0	11615000	1162	105	No	NA	CENTER	JU3125
X	11620000	11630000	0	11625000	1163	105	No	NA	CENTER	JU3125
X	11630000	11640000	0	11635000	1164	105	No	NA	CENTER	JU3125
X	11640000	11650000	1	11645000	1165	105	No	NA	CENTER	JU3125
X	11650000	11660000	0	11655000	1166	105	No	NA	CENTER	JU3125
X	11660000	11670000	0	11665000	1167	105	No	NA	CENTER	JU3125
X	11670000	11680000	0	11675000	1168	105	No	NA	CENTER	JU3125
X	11680000	11690000	0	11685000	1169	105	No	NA	CENTER	JU3125
X	11690000	11700000	0	11695000	1170	105	No	NA	CENTER	JU3125
X	11700000	11710000	0	11705000	1171	105	No	NA	CENTER	JU3125
X	11710000	11720000	1	11715000	1172	105	No	NA	CENTER	JU3125
X	11720000	11730000	0	11725000	1173	105	No	NA	CENTER	JU3125
X	11730000	11740000	0	11735000	1174	105	No	NA	CENTER	JU3125
X	11740000	11750000	0	11745000	1175	105	No	NA	CENTER	JU3125
X	11750000	11760000	0	11755000	1176	105	No	NA	CENTER	JU3125
X	11760000	11770000	0	11765000	1177	105	No	NA	CENTER	JU3125
X	11770000	11780000	3	11775000	1178	105	No	NA	CENTER	JU3125
X	11780000	11790000	12	11785000	1179	105	No	NA	CENTER	JU3125
X	11790000	11800000	2	11795000	1180	105	No	NA	CENTER	JU3125
X	11800000	11810000	0	11805000	1181	105	No	NA	CENTER	JU3125
X	11810000	11820000	1	11815000	1182	105	No	NA	CENTER	JU3125
X	11820000	11830000	1	11825000	1183	105	No	NA	CENTER	JU3125
X	11830000	11840000	1	11835000	1184	105	No	NA	CENTER	JU3125
X	11840000	11850000	0	11845000	1185	105	No	NA	CENTER	JU3125
X	11850000	11860000	0	11855000	1186	105	No	NA	CENTER	JU3125
X	11860000	11870000	0	11865000	1187	105	No	NA	CENTER	JU3125
X	11870000	11880000	1	11875000	1188	105	No	NA	CENTER	JU3125
X	11880000	11890000	5	11885000	1189	105	No	NA	CENTER	JU3125
X	11890000	11900000	2	11895000	1190	105	No	NA	CENTER	JU3125
X	11900000	11910000	0	11905000	1191	105	No	NA	CENTER	JU3125
X	11910000	11920000	1	11915000	1192	105	No	NA	CENTER	JU3125
X	11920000	11930000	1	11925000	1193	105	No	NA	CENTER	JU3125
X	11930000	11940000	0	11935000	1194	105	No	NA	CENTER	JU3125
X	11940000	11950000	0	11945000	1195	105	No	NA	CENTER	JU3125
X	11950000	11960000	0	11955000	1196	105	No	NA	CENTER	JU3125
X	11960000	11970000	1	11965000	1197	105	No	NA	CENTER	JU3125
X	11970000	11980000	7	11975000	1198	105	No	NA	CENTER	JU3125
X	11980000	11990000	0	11985000	1199	105	No	NA	CENTER	JU3125
X	11990000	12000000	0	11995000	1200	105	No	NA	CENTER	JU3125
X	12000000	12010000	1	12005000	1201	105	No	NA	CENTER	JU3125
X	12010000	12020000	0	12015000	1202	105	No	NA	CENTER	JU3125
X	12020000	12030000	0	12025000	1203	105	No	NA	CENTER	JU3125
X	12030000	12040000	0	12035000	1204	105	No	NA	CENTER	JU3125
X	12040000	12050000	1	12045000	1205	105	No	NA	CENTER	JU3125
X	12050000	12060000	0	12055000	1206	105	No	NA	CENTER	JU3125
X	12060000	12070000	0	12065000	1207	105	No	NA	CENTER	JU3125
X	12070000	12080000	0	12075000	1208	105	No	NA	CENTER	JU3125
X	12080000	12090000	1	12085000	1209	105	No	NA	CENTER	JU3125
X	12090000	12100000	0	12095000	1210	105	No	NA	CENTER	JU3125
X	12100000	12110000	0	12105000	1211	105	No	NA	CENTER	JU3125
X	12110000	12120000	0	12115000	1212	105	No	NA	CENTER	JU3125
X	12120000	12130000	1	12125000	1213	105	No	NA	CENTER	JU3125
X	12130000	12140000	0	12135000	1214	105	No	NA	CENTER	JU3125
X	12140000	12150000	1	12145000	1215	105	No	NA	CENTER	JU3125
X	12150000	12160000	0	12155000	1216	105	No	NA	CENTER	JU3125
X	12160000	12170000	0	12165000	1217	105	No	NA	CENTER	JU3125
X	12170000	12180000	3	12175000	1218	105	No	NA	CENTER	JU3125
X	12180000	12190000	1	12185000	1219	105	No	NA	CENTER	JU3125
X	12190000	12200000	0	12195000	1220	105	No	NA	CENTER	JU3125
X	12200000	12210000	0	12205000	1221	105	No	NA	CENTER	JU3125
X	12210000	12220000	0	12215000	1222	105	No	NA	CENTER	JU3125
X	12220000	12230000	0	12225000	1223	105	No	NA	CENTER	JU3125
X	12230000	12240000	0	12235000	1224	105	No	NA	CENTER	JU3125
X	12240000	12250000	0	12245000	1225	105	No	NA	CENTER	JU3125
X	12250000	12260000	1	12255000	1226	105	No	NA	CENTER	JU3125
X	12260000	12270000	0	12265000	1227	105	No	NA	CENTER	JU3125
X	12270000	12280000	31	12275000	1228	50	Yes	Up	CENTER	JU3125
X	12280000	12290000	0	12285000	1229	105	No	NA	CENTER	JU3125
X	12290000	12300000	0	12295000	1230	105	No	NA	CENTER	JU3125
X	12300000	12310000	0	12305000	1231	105	No	NA	CENTER	JU3125
X	12310000	12320000	0	12315000	1232	105	No	NA	CENTER	JU3125
X	12320000	12330000	0	12325000	1233	105	No	NA	CENTER	JU3125
X	12330000	12340000	0	12335000	1234	105	No	NA	CENTER	JU3125
X	12340000	12350000	0	12345000	1235	105	No	NA	CENTER	JU3125
X	12350000	12360000	0	12355000	1236	105	No	NA	CENTER	JU3125
X	12360000	12370000	0	12365000	1237	105	No	NA	CENTER	JU3125
X	12370000	12380000	1	12375000	1238	105	No	NA	CENTER	JU3125
X	12380000	12390000	1	12385000	1239	105	No	NA	CENTER	JU3125
X	12390000	12400000	0	12395000	1240	105	No	NA	CENTER	JU3125
X	12400000	12410000	0	12405000	1241	105	No	NA	CENTER	JU3125
X	12410000	12420000	8	12415000	1242	105	No	NA	CENTER	JU3125
X	12420000	12430000	0	12425000	1243	105	No	NA	CENTER	JU3125
X	12430000	12440000	1	12435000	1244	105	No	NA	CENTER	JU3125
X	12440000	12450000	0	12445000	1245	105	No	NA	CENTER	JU3125
X	12450000	12460000	1	12455000	1246	105	No	NA	CENTER	JU3125
X	12460000	12470000	0	12465000	1247	105	No	NA	CENTER	JU3125
X	12470000	12480000	0	12475000	1248	105	No	NA	CENTER	JU3125
X	12480000	12490000	2	12485000	1249	105	No	NA	RIGHT_ARM	JU3125
X	12490000	12500000	0	12495000	1250	105	No	NA	RIGHT_ARM	JU3125
X	12500000	12510000	2	12505000	1251	105	No	NA	RIGHT_ARM	JU3125
X	12510000	12520000	2	12515000	1252	105	No	NA	RIGHT_ARM	JU3125
X	12520000	12530000	0	12525000	1253	105	No	NA	RIGHT_ARM	JU3125
X	12530000	12540000	1	12535000	1254	105	No	NA	RIGHT_ARM	JU3125
X	12540000	12550000	0	12545000	1255	105	No	NA	RIGHT_ARM	JU3125
X	12550000	12560000	0	12555000	1256	105	No	NA	RIGHT_ARM	JU3125
X	12560000	12570000	0	12565000	1257	105	No	NA	RIGHT_ARM	JU3125
X	12570000	12580000	1	12575000	1258	105	No	NA	RIGHT_ARM	JU3125
X	12580000	12590000	1	12585000	1259	105	No	NA	RIGHT_ARM	JU3125
X	12590000	12600000	1	12595000	1260	105	No	NA	RIGHT_ARM	JU3125
X	12600000	12610000	1	12605000	1261	105	No	NA	RIGHT_ARM	JU3125
X	12610000	12620000	0	12615000	1262	105	No	NA	RIGHT_ARM	JU3125
X	12620000	12630000	0	12625000	1263	105	No	NA	RIGHT_ARM	JU3125
X	12630000	12640000	2	12635000	1264	105	No	NA	RIGHT_ARM	JU3125
X	12640000	12650000	0	12645000	1265	105	No	NA	RIGHT_ARM	JU3125
X	12650000	12660000	0	12655000	1266	105	No	NA	RIGHT_ARM	JU3125
X	12660000	12670000	0	12665000	1267	105	No	NA	RIGHT_ARM	JU3125
X	12670000	12680000	0	12675000	1268	105	No	NA	RIGHT_ARM	JU3125
X	12680000	12690000	3	12685000	1269	105	No	NA	RIGHT_ARM	JU3125
X	12690000	12700000	0	12695000	1270	105	No	NA	RIGHT_ARM	JU3125
X	12700000	12710000	0	12705000	1271	105	No	NA	RIGHT_ARM	JU3125
X	12710000	12720000	1	12715000	1272	105	No	NA	RIGHT_ARM	JU3125
X	12720000	12730000	1	12725000	1273	105	No	NA	RIGHT_ARM	JU3125
X	12730000	12740000	0	12735000	1274	105	No	NA	RIGHT_ARM	JU3125
X	12740000	12750000	1	12745000	1275	105	No	NA	RIGHT_ARM	JU3125
X	12750000	12760000	0	12755000	1276	105	No	NA	RIGHT_ARM	JU3125
X	12760000	12770000	1	12765000	1277	105	No	NA	RIGHT_ARM	JU3125
X	12770000	12780000	0	12775000	1278	105	No	NA	RIGHT_ARM	JU3125
X	12780000	12790000	1	12785000	1279	105	No	NA	RIGHT_ARM	JU3125
X	12790000	12800000	0	12795000	1280	105	No	NA	RIGHT_ARM	JU3125
X	12800000	12810000	0	12805000	1281	105	No	NA	RIGHT_ARM	JU3125
X	12810000	12820000	0	12815000	1282	105	No	NA	RIGHT_ARM	JU3125
X	12820000	12830000	1	12825000	1283	105	No	NA	RIGHT_ARM	JU3125
X	12830000	12840000	0	12835000	1284	105	No	NA	RIGHT_ARM	JU3125
X	12840000	12850000	14	12845000	1285	105	No	NA	RIGHT_ARM	JU3125
X	12850000	12860000	0	12855000	1286	105	No	NA	RIGHT_ARM	JU3125
X	12860000	12870000	0	12865000	1287	105	No	NA	RIGHT_ARM	JU3125
X	12870000	12880000	0	12875000	1288	105	No	NA	RIGHT_ARM	JU3125
X	12880000	12890000	0	12885000	1289	105	No	NA	RIGHT_ARM	JU3125
X	12890000	12900000	1	12895000	1290	105	No	NA	RIGHT_ARM	JU3125
X	12900000	12910000	1	12905000	1291	105	No	NA	RIGHT_ARM	JU3125
X	12910000	12920000	1	12915000	1292	105	No	NA	RIGHT_ARM	JU3125
X	12920000	12930000	1	12925000	1293	105	No	NA	RIGHT_ARM	JU3125
X	12930000	12940000	1	12935000	1294	105	No	NA	RIGHT_ARM	JU3125
X	12940000	12950000	0	12945000	1295	105	No	NA	RIGHT_ARM	JU3125
X	12950000	12960000	0	12955000	1296	105	No	NA	RIGHT_ARM	JU3125
X	12960000	12970000	0	12965000	1297	105	No	NA	RIGHT_ARM	JU3125
X	12970000	12980000	0	12975000	1298	105	No	NA	RIGHT_ARM	JU3125
X	12980000	12990000	0	12985000	1299	105	No	NA	RIGHT_ARM	JU3125
X	12990000	13000000	1	12995000	1300	105	No	NA	RIGHT_ARM	JU3125
X	13000000	13010000	1	13005000	1301	105	No	NA	RIGHT_ARM	JU3125
X	13010000	13020000	0	13015000	1302	105	No	NA	RIGHT_ARM	JU3125
X	13020000	13030000	1	13025000	1303	105	No	NA	RIGHT_ARM	JU3125
X	13030000	13040000	1	13035000	1304	105	No	NA	RIGHT_ARM	JU3125
X	13040000	13050000	2	13045000	1305	105	No	NA	RIGHT_ARM	JU3125
X	13050000	13060000	0	13055000	1306	105	No	NA	RIGHT_ARM	JU3125
X	13060000	13070000	0	13065000	1307	105	No	NA	RIGHT_ARM	JU3125
X	13070000	13080000	0	13075000	1308	105	No	NA	RIGHT_ARM	JU3125
X	13080000	13090000	4	13085000	1309	105	No	NA	RIGHT_ARM	JU3125
X	13090000	13100000	0	13095000	1310	105	No	NA	RIGHT_ARM	JU3125
X	13100000	13110000	0	13105000	1311	105	No	NA	RIGHT_ARM	JU3125
X	13110000	13120000	1	13115000	1312	105	No	NA	RIGHT_ARM	JU3125
X	13120000	13130000	0	13125000	1313	105	No	NA	RIGHT_ARM	JU3125
X	13130000	13140000	0	13135000	1314	105	No	NA	RIGHT_ARM	JU3125
X	13140000	13150000	0	13145000	1315	105	No	NA	RIGHT_ARM	JU3125
X	13150000	13160000	0	13155000	1316	105	No	NA	RIGHT_ARM	JU3125
X	13160000	13170000	1	13165000	1317	105	No	NA	RIGHT_ARM	JU3125
X	13170000	13180000	1	13175000	1318	105	No	NA	RIGHT_ARM	JU3125
X	13180000	13190000	0	13185000	1319	105	No	NA	RIGHT_ARM	JU3125
X	13190000	13200000	0	13195000	1320	105	No	NA	RIGHT_ARM	JU3125
X	13200000	13210000	0	13205000	1321	105	No	NA	RIGHT_ARM	JU3125
X	13210000	13220000	0	13215000	1322	105	No	NA	RIGHT_ARM	JU3125
X	13220000	13230000	0	13225000	1323	105	No	NA	RIGHT_ARM	JU3125
X	13230000	13240000	2	13235000	1324	105	No	NA	RIGHT_ARM	JU3125
X	13240000	13250000	3	13245000	1325	105	No	NA	RIGHT_ARM	JU3125
X	13250000	13260000	1	13255000	1326	105	No	NA	RIGHT_ARM	JU3125
X	13260000	13270000	1	13265000	1327	105	No	NA	RIGHT_ARM	JU3125
X	13270000	13280000	0	13275000	1328	105	No	NA	RIGHT_ARM	JU3125
X	13280000	13290000	0	13285000	1329	105	No	NA	RIGHT_ARM	JU3125
X	13290000	13300000	0	13295000	1330	105	No	NA	RIGHT_ARM	JU3125
X	13300000	13310000	0	13305000	1331	105	No	NA	RIGHT_ARM	JU3125
X	13310000	13320000	0	13315000	1332	105	No	NA	RIGHT_ARM	JU3125
X	13320000	13330000	1	13325000	1333	105	No	NA	RIGHT_ARM	JU3125
X	13330000	13340000	0	13335000	1334	105	No	NA	RIGHT_ARM	JU3125
X	13340000	13350000	0	13345000	1335	105	No	NA	RIGHT_ARM	JU3125
X	13350000	13360000	1	13355000	1336	105	No	NA	RIGHT_ARM	JU3125
X	13360000	13370000	0	13365000	1337	105	No	NA	RIGHT_ARM	JU3125
X	13370000	13380000	1	13375000	1338	105	No	NA	RIGHT_ARM	JU3125
X	13380000	13390000	0	13385000	1339	105	No	NA	RIGHT_ARM	JU3125
X	13390000	13400000	1	13395000	1340	105	No	NA	RIGHT_ARM	JU3125
X	13400000	13410000	1	13405000	1341	105	No	NA	RIGHT_ARM	JU3125
X	13410000	13420000	3	13415000	1342	105	No	NA	RIGHT_ARM	JU3125
X	13420000	13430000	0	13425000	1343	105	No	NA	RIGHT_ARM	JU3125
X	13430000	13440000	2	13435000	1344	105	No	NA	RIGHT_ARM	JU3125
X	13440000	13450000	1	13445000	1345	105	No	NA	RIGHT_ARM	JU3125
X	13450000	13460000	0	13455000	1346	105	No	NA	RIGHT_ARM	JU3125
X	13460000	13470000	0	13465000	1347	105	No	NA	RIGHT_ARM	JU3125
X	13470000	13480000	0	13475000	1348	105	No	NA	RIGHT_ARM	JU3125
X	13480000	13490000	2	13485000	1349	105	No	NA	RIGHT_ARM	JU3125
X	13490000	13500000	1	13495000	1350	105	No	NA	RIGHT_ARM	JU3125
X	13500000	13510000	1	13505000	1351	105	No	NA	RIGHT_ARM	JU3125
X	13510000	13520000	0	13515000	1352	105	No	NA	RIGHT_ARM	JU3125
X	13520000	13530000	1	13525000	1353	105	No	NA	RIGHT_ARM	JU3125
X	13530000	13540000	0	13535000	1354	105	No	NA	RIGHT_ARM	JU3125
X	13540000	13550000	0	13545000	1355	105	No	NA	RIGHT_ARM	JU3125
X	13550000	13560000	0	13555000	1356	105	No	NA	RIGHT_ARM	JU3125
X	13560000	13570000	0	13565000	1357	105	No	NA	RIGHT_ARM	JU3125
X	13570000	13580000	0	13575000	1358	105	No	NA	RIGHT_ARM	JU3125
X	13580000	13590000	3	13585000	1359	105	No	NA	RIGHT_ARM	JU3125
X	13590000	13600000	18	13595000	1360	105	No	NA	RIGHT_ARM	JU3125
X	13600000	13610000	16	13605000	1361	105	No	NA	RIGHT_ARM	JU3125
X	13610000	13620000	28	13615000	1362	105	No	NA	RIGHT_ARM	JU3125
X	13620000	13630000	28	13625000	1363	105	No	NA	RIGHT_ARM	JU3125
X	13630000	13640000	9	13635000	1364	105	No	NA	RIGHT_ARM	JU3125
X	13640000	13650000	17	13645000	1365	105	No	NA	RIGHT_ARM	JU3125
X	13650000	13660000	15	13655000	1366	105	No	NA	RIGHT_ARM	JU3125
X	13660000	13670000	42	13665000	1367	31	Yes	Up	RIGHT_ARM	JU3125
X	13670000	13680000	30	13675000	1368	87	Yes	Up	RIGHT_ARM	JU3125
X	13680000	13690000	42	13685000	1369	33	Yes	Up	RIGHT_ARM	JU3125
X	13690000	13700000	27	13695000	1370	105	No	NA	RIGHT_ARM	JU3125
X	13700000	13710000	26	13705000	1371	105	No	NA	RIGHT_ARM	JU3125
X	13710000	13720000	13	13715000	1372	105	No	NA	RIGHT_ARM	JU3125
X	13720000	13730000	27	13725000	1373	105	No	NA	RIGHT_ARM	JU3125
X	13730000	13740000	20	13735000	1374	105	No	NA	RIGHT_ARM	JU3125
X	13740000	13750000	21	13745000	1375	105	No	NA	RIGHT_ARM	JU3125
X	13750000	13760000	17	13755000	1376	105	No	NA	RIGHT_ARM	JU3125
X	13760000	13770000	20	13765000	1377	105	No	NA	RIGHT_ARM	JU3125
X	13770000	13780000	18	13775000	1378	105	No	NA	RIGHT_ARM	JU3125
X	13780000	13790000	11	13785000	1379	105	No	NA	RIGHT_ARM	JU3125
X	13790000	13800000	15	13795000	1380	105	No	NA	RIGHT_ARM	JU3125
X	13800000	13810000	19	13805000	1381	105	No	NA	RIGHT_ARM	JU3125
X	13810000	13820000	11	13815000	1382	105	No	NA	RIGHT_ARM	JU3125
X	13820000	13830000	19	13825000	1383	105	No	NA	RIGHT_ARM	JU3125
X	13830000	13840000	14	13835000	1384	105	No	NA	RIGHT_ARM	JU3125
X	13840000	13850000	9	13845000	1385	105	No	NA	RIGHT_ARM	JU3125
X	13850000	13860000	6	13855000	1386	105	No	NA	RIGHT_ARM	JU3125
X	13860000	13870000	9	13865000	1387	105	No	NA	RIGHT_ARM	JU3125
X	13870000	13880000	8	13875000	1388	105	No	NA	RIGHT_ARM	JU3125
X	13880000	13890000	9	13885000	1389	105	No	NA	RIGHT_ARM	JU3125
X	13890000	13900000	24	13895000	1390	105	No	NA	RIGHT_ARM	JU3125
X	13900000	13910000	17	13905000	1391	105	No	NA	RIGHT_ARM	JU3125
X	13910000	13920000	9	13915000	1392	105	No	NA	RIGHT_ARM	JU3125
X	13920000	13930000	11	13925000	1393	105	No	NA	RIGHT_ARM	JU3125
X	13930000	13940000	11	13935000	1394	105	No	NA	RIGHT_ARM	JU3125
X	13940000	13950000	9	13945000	1395	105	No	NA	RIGHT_ARM	JU3125
X	13950000	13960000	2	13955000	1396	105	No	NA	RIGHT_ARM	JU3125
X	13960000	13970000	4	13965000	1397	105	No	NA	RIGHT_ARM	JU3125
X	13970000	13980000	14	13975000	1398	105	No	NA	RIGHT_ARM	JU3125
X	13980000	13990000	10	13985000	1399	105	No	NA	RIGHT_ARM	JU3125
X	13990000	14000000	5	13995000	1400	105	No	NA	RIGHT_ARM	JU3125
X	14000000	14010000	1	14005000	1401	105	No	NA	RIGHT_ARM	JU3125
X	14010000	14020000	5	14015000	1402	105	No	NA	RIGHT_ARM	JU3125
X	14020000	14030000	7	14025000	1403	105	No	NA	RIGHT_ARM	JU3125
X	14030000	14040000	16	14035000	1404	105	No	NA	RIGHT_ARM	JU3125
X	14040000	14050000	25	14045000	1405	105	No	NA	RIGHT_ARM	JU3125
X	14050000	14060000	42	14055000	1406	32	Yes	Up	RIGHT_ARM	JU3125
X	14060000	14070000	21	14065000	1407	105	No	NA	RIGHT_ARM	JU3125
X	14070000	14080000	24	14075000	1408	105	No	NA	RIGHT_ARM	JU3125
X	14080000	14090000	29	14085000	1409	105	No	NA	RIGHT_ARM	JU3125
X	14090000	14100000	25	14095000	1410	105	No	NA	RIGHT_ARM	JU3125
X	14100000	14110000	15	14105000	1411	105	No	NA	RIGHT_ARM	JU3125
X	14110000	14120000	31	14115000	1412	76	Yes	Up	RIGHT_ARM	JU3125
X	14120000	14130000	18	14125000	1413	105	No	NA	RIGHT_ARM	JU3125
X	14130000	14140000	32	14135000	1414	67	Yes	Up	RIGHT_ARM	JU3125
X	14140000	14150000	64	14145000	1415	4	Yes	Up	RIGHT_ARM	JU3125
X	14150000	14160000	38	14155000	1416	42	Yes	Up	RIGHT_ARM	JU3125
X	14160000	14170000	1	14165000	1417	105	No	NA	RIGHT_ARM	JU3125
X	14170000	14180000	0	14175000	1418	105	No	NA	RIGHT_ARM	JU3125
X	14180000	14190000	0	14185000	1419	105	No	NA	RIGHT_ARM	JU3125
X	14190000	14200000	1	14195000	1420	105	No	NA	RIGHT_ARM	JU3125
X	14200000	14210000	2	14205000	1421	105	No	NA	RIGHT_ARM	JU3125
X	14210000	14220000	2	14215000	1422	105	No	NA	RIGHT_ARM	JU3125
X	14220000	14230000	3	14225000	1423	105	No	NA	RIGHT_ARM	JU3125
X	14230000	14240000	0	14235000	1424	105	No	NA	RIGHT_ARM	JU3125
X	14240000	14250000	0	14245000	1425	105	No	NA	RIGHT_ARM	JU3125
X	14250000	14260000	0	14255000	1426	105	No	NA	RIGHT_ARM	JU3125
X	14260000	14270000	2	14265000	1427	105	No	NA	RIGHT_ARM	JU3125
X	14270000	14280000	0	14275000	1428	105	No	NA	RIGHT_ARM	JU3125
X	14280000	14290000	0	14285000	1429	105	No	NA	RIGHT_ARM	JU3125
X	14290000	14300000	1	14295000	1430	105	No	NA	RIGHT_ARM	JU3125
X	14300000	14310000	0	14305000	1431	105	No	NA	RIGHT_ARM	JU3125
X	14310000	14320000	0	14315000	1432	105	No	NA	RIGHT_ARM	JU3125
X	14320000	14330000	4	14325000	1433	105	No	NA	RIGHT_ARM	JU3125
X	14330000	14340000	2	14335000	1434	105	No	NA	RIGHT_ARM	JU3125
X	14340000	14350000	3	14345000	1435	105	No	NA	RIGHT_ARM	JU3125
X	14350000	14360000	1	14355000	1436	105	No	NA	RIGHT_ARM	JU3125
X	14360000	14370000	3	14365000	1437	105	No	NA	RIGHT_ARM	JU3125
X	14370000	14380000	3	14375000	1438	105	No	NA	RIGHT_ARM	JU3125
X	14380000	14390000	2	14385000	1439	105	No	NA	RIGHT_ARM	JU3125
X	14390000	14400000	1	14395000	1440	105	No	NA	RIGHT_ARM	JU3125
X	14400000	14410000	0	14405000	1441	105	No	NA	RIGHT_ARM	JU3125
X	14410000	14420000	0	14415000	1442	105	No	NA	RIGHT_ARM	JU3125
X	14420000	14430000	1	14425000	1443	105	No	NA	RIGHT_ARM	JU3125
X	14430000	14440000	0	14435000	1444	105	No	NA	RIGHT_ARM	JU3125
X	14440000	14450000	1	14445000	1445	105	No	NA	RIGHT_ARM	JU3125
X	14450000	14460000	1	14455000	1446	105	No	NA	RIGHT_ARM	JU3125
X	14460000	14470000	2	14465000	1447	105	No	NA	RIGHT_ARM	JU3125
X	14470000	14480000	0	14475000	1448	105	No	NA	RIGHT_ARM	JU3125
X	14480000	14490000	2	14485000	1449	105	No	NA	RIGHT_ARM	JU3125
X	14490000	14500000	5	14495000	1450	105	No	NA	RIGHT_ARM	JU3125
X	14500000	14510000	23	14505000	1451	105	No	NA	RIGHT_ARM	JU3125
X	14510000	14520000	25	14515000	1452	105	No	NA	RIGHT_ARM	JU3125
X	14520000	14530000	51	14525000	1453	17	Yes	Up	RIGHT_ARM	JU3125
X	14530000	14540000	23	14535000	1454	105	No	NA	RIGHT_ARM	JU3125
X	14540000	14550000	15	14545000	1455	105	No	NA	RIGHT_ARM	JU3125
X	14550000	14560000	19	14555000	1456	105	No	NA	RIGHT_ARM	JU3125
X	14560000	14570000	15	14565000	1457	105	No	NA	RIGHT_ARM	JU3125
X	14570000	14580000	15	14575000	1458	105	No	NA	RIGHT_ARM	JU3125
X	14580000	14590000	23	14585000	1459	105	No	NA	RIGHT_ARM	JU3125
X	14590000	14600000	28	14595000	1460	105	No	NA	RIGHT_ARM	JU3125
X	14600000	14610000	23	14605000	1461	105	No	NA	RIGHT_ARM	JU3125
X	14610000	14620000	7	14615000	1462	105	No	NA	RIGHT_ARM	JU3125
X	14620000	14630000	6	14625000	1463	105	No	NA	RIGHT_ARM	JU3125
X	14630000	14640000	20	14635000	1464	105	No	NA	RIGHT_ARM	JU3125
X	14640000	14650000	25	14645000	1465	105	No	NA	RIGHT_ARM	JU3125
X	14650000	14660000	21	14655000	1466	105	No	NA	RIGHT_ARM	JU3125
X	14660000	14670000	11	14665000	1467	105	No	NA	RIGHT_ARM	JU3125
X	14670000	14680000	40	14675000	1468	64	Yes	Up	RIGHT_ARM	JU3125
X	14680000	14690000	24	14685000	1469	105	No	NA	RIGHT_ARM	JU3125
X	14690000	14700000	25	14695000	1470	105	No	NA	RIGHT_ARM	JU3125
X	14700000	14710000	36	14705000	1471	105	No	NA	RIGHT_ARM	JU3125
X	14710000	14720000	25	14715000	1472	105	No	NA	RIGHT_ARM	JU3125
X	14720000	14730000	33	14725000	1473	105	No	NA	RIGHT_ARM	JU3125
X	14730000	14740000	37	14735000	1474	105	No	NA	RIGHT_ARM	JU3125
X	14740000	14750000	35	14745000	1475	105	No	NA	RIGHT_ARM	JU3125
X	14750000	14760000	32	14755000	1476	105	No	NA	RIGHT_ARM	JU3125
X	14760000	14770000	36	14765000	1477	105	No	NA	RIGHT_ARM	JU3125
X	14770000	14780000	41	14775000	1478	73	Yes	Up	RIGHT_ARM	JU3125
X	14780000	14790000	27	14785000	1479	105	No	NA	RIGHT_ARM	JU3125
X	14790000	14800000	40	14795000	1480	82	Yes	Up	RIGHT_ARM	JU3125
X	14800000	14810000	15	14805000	1481	105	No	NA	RIGHT_ARM	JU3125
X	14810000	14820000	17	14815000	1482	105	No	NA	RIGHT_ARM	JU3125
X	14820000	14830000	19	14825000	1483	105	No	NA	RIGHT_ARM	JU3125
X	14830000	14840000	14	14835000	1484	105	No	NA	RIGHT_ARM	JU3125
X	14840000	14850000	41	14845000	1485	81	Yes	Up	RIGHT_ARM	JU3125
X	14850000	14860000	13	14855000	1486	105	No	NA	RIGHT_ARM	JU3125
X	14860000	14870000	17	14865000	1487	105	No	NA	RIGHT_ARM	JU3125
X	14870000	14880000	17	14875000	1488	105	No	NA	RIGHT_ARM	JU3125
X	14880000	14890000	17	14885000	1489	105	No	NA	RIGHT_ARM	JU3125
X	14890000	14900000	17	14895000	1490	105	No	NA	RIGHT_ARM	JU3125
X	14900000	14910000	32	14905000	1491	105	No	NA	RIGHT_ARM	JU3125
X	14910000	14920000	19	14915000	1492	105	No	NA	RIGHT_ARM	JU3125
X	14920000	14930000	21	14925000	1493	105	No	NA	RIGHT_ARM	JU3125
X	14930000	14940000	24	14935000	1494	105	No	NA	RIGHT_ARM	JU3125
X	14940000	14950000	19	14945000	1495	105	No	NA	RIGHT_ARM	JU3125
X	14950000	14960000	16	14955000	1496	105	No	NA	RIGHT_ARM	JU3125
X	14960000	14970000	12	14965000	1497	105	No	NA	RIGHT_ARM	JU3125
X	14970000	14980000	16	14975000	1498	105	No	NA	RIGHT_ARM	JU3125
X	14980000	14990000	24	14985000	1499	105	No	NA	RIGHT_ARM	JU3125
X	14990000	15000000	48	14995000	1500	56	Yes	Up	RIGHT_ARM	JU3125
X	15000000	15010000	42	15005000	1501	105	No	NA	RIGHT_ARM	JU3125
X	15010000	15020000	49	15015000	1502	53	Yes	Up	RIGHT_ARM	JU3125
X	15020000	15030000	43	15025000	1503	88	Yes	Up	RIGHT_ARM	JU3125
X	15030000	15040000	20	15035000	1504	105	No	NA	RIGHT_ARM	JU3125
X	15040000	15050000	54	15045000	1505	35	Yes	Up	RIGHT_ARM	JU3125
X	15050000	15060000	25	15055000	1506	105	No	NA	RIGHT_ARM	JU3125
X	15060000	15070000	11	15065000	1507	105	No	NA	RIGHT_ARM	JU3125
X	15070000	15080000	24	15075000	1508	105	No	NA	RIGHT_ARM	JU3125
X	15080000	15090000	36	15085000	1509	105	No	NA	RIGHT_ARM	JU3125
X	15090000	15100000	20	15095000	1510	105	No	NA	RIGHT_ARM	JU3125
X	15100000	15110000	14	15105000	1511	105	No	NA	RIGHT_ARM	JU3125
X	15110000	15120000	25	15115000	1512	105	No	NA	RIGHT_ARM	JU3125
X	15120000	15130000	32	15125000	1513	105	No	NA	RIGHT_ARM	JU3125
X	15130000	15140000	24	15135000	1514	105	No	NA	RIGHT_ARM	JU3125
X	15140000	15150000	37	15145000	1515	105	No	NA	RIGHT_ARM	JU3125
X	15150000	15160000	24	15155000	1516	105	No	NA	RIGHT_ARM	JU3125
X	15160000	15170000	20	15165000	1517	105	No	NA	RIGHT_ARM	JU3125
X	15170000	15180000	6	15175000	1518	105	No	NA	RIGHT_ARM	JU3125
X	15180000	15190000	19	15185000	1519	105	No	NA	RIGHT_ARM	JU3125
X	15190000	15200000	16	15195000	1520	105	No	NA	RIGHT_ARM	JU3125
X	15200000	15210000	29	15205000	1521	105	No	NA	RIGHT_ARM	JU3125
X	15210000	15220000	24	15215000	1522	105	No	NA	RIGHT_ARM	JU3125
X	15220000	15230000	20	15225000	1523	105	No	NA	RIGHT_ARM	JU3125
X	15230000	15240000	32	15235000	1524	105	No	NA	RIGHT_ARM	JU3125
X	15240000	15250000	20	15245000	1525	105	No	NA	RIGHT_ARM	JU3125
X	15250000	15260000	27	15255000	1526	105	No	NA	RIGHT_ARM	JU3125
X	15260000	15270000	30	15265000	1527	105	No	NA	RIGHT_ARM	JU3125
X	15270000	15280000	23	15275000	1528	105	No	NA	RIGHT_ARM	JU3125
X	15280000	15290000	18	15285000	1529	105	No	NA	RIGHT_ARM	JU3125
X	15290000	15300000	15	15295000	1530	105	No	NA	RIGHT_ARM	JU3125
X	15300000	15310000	16	15305000	1531	105	No	NA	RIGHT_ARM	JU3125
X	15310000	15320000	21	15315000	1532	105	No	NA	RIGHT_ARM	JU3125
X	15320000	15330000	39	15325000	1533	105	No	NA	RIGHT_ARM	JU3125
X	15330000	15340000	32	15335000	1534	105	No	NA	RIGHT_ARM	JU3125
X	15340000	15350000	48	15345000	1535	60	Yes	Up	RIGHT_ARM	JU3125
X	15350000	15360000	62	15355000	1536	19	Yes	Up	RIGHT_ARM	JU3125
X	15360000	15370000	37	15365000	1537	105	No	NA	RIGHT_ARM	JU3125
X	15370000	15380000	47	15375000	1538	68	Yes	Up	RIGHT_ARM	JU3125
X	15380000	15390000	41	15385000	1539	105	No	NA	RIGHT_ARM	JU3125
X	15390000	15400000	20	15395000	1540	105	No	NA	RIGHT_ARM	JU3125
X	15400000	15410000	19	15405000	1541	105	No	NA	RIGHT_ARM	JU3125
X	15410000	15420000	13	15415000	1542	105	No	NA	RIGHT_ARM	JU3125
X	15420000	15430000	19	15425000	1543	105	No	NA	RIGHT_ARM	JU3125
X	15430000	15440000	18	15435000	1544	105	No	NA	RIGHT_ARM	JU3125
X	15440000	15450000	17	15445000	1545	105	No	NA	RIGHT_ARM	JU3125
X	15450000	15460000	20	15455000	1546	105	No	NA	RIGHT_ARM	JU3125
X	15460000	15470000	16	15465000	1547	105	No	NA	RIGHT_ARM	JU3125
X	15470000	15480000	11	15475000	1548	105	No	NA	RIGHT_ARM	JU3125
X	15480000	15490000	5	15485000	1549	105	No	NA	RIGHT_ARM	JU3125
X	15490000	15500000	6	15495000	1550	105	No	NA	RIGHT_ARM	JU3125
X	15500000	15510000	12	15505000	1551	105	No	NA	RIGHT_ARM	JU3125
X	15510000	15520000	12	15515000	1552	105	No	NA	RIGHT_ARM	JU3125
X	15520000	15530000	15	15525000	1553	105	No	NA	RIGHT_ARM	JU3125
X	15530000	15540000	10	15535000	1554	105	No	NA	RIGHT_ARM	JU3125
X	15540000	15550000	24	15545000	1555	105	No	NA	RIGHT_ARM	JU3125
X	15550000	15560000	31	15555000	1556	105	No	NA	RIGHT_ARM	JU3125
X	15560000	15570000	35	15565000	1557	105	No	NA	RIGHT_ARM	JU3125
X	15570000	15580000	37	15575000	1558	105	No	NA	RIGHT_ARM	JU3125
X	15580000	15590000	39	15585000	1559	105	No	NA	RIGHT_ARM	JU3125
X	15590000	15600000	48	15595000	1560	65	Yes	Up	RIGHT_ARM	JU3125
X	15600000	15610000	25	15605000	1561	105	No	NA	RIGHT_ARM	JU3125
X	15610000	15620000	35	15615000	1562	105	No	NA	RIGHT_ARM	JU3125
X	15620000	15630000	32	15625000	1563	105	No	NA	RIGHT_ARM	JU3125
X	15630000	15640000	16	15635000	1564	105	No	NA	RIGHT_ARM	JU3125
X	15640000	15650000	18	15645000	1565	105	No	NA	RIGHT_ARM	JU3125
X	15650000	15660000	33	15655000	1566	105	No	NA	RIGHT_ARM	JU3125
X	15660000	15670000	19	15665000	1567	105	No	NA	RIGHT_ARM	JU3125
X	15670000	15680000	17	15675000	1568	105	No	NA	RIGHT_ARM	JU3125
X	15680000	15690000	22	15685000	1569	105	No	NA	RIGHT_ARM	JU3125
X	15690000	15700000	16	15695000	1570	105	No	NA	RIGHT_ARM	JU3125
X	15700000	15710000	27	15705000	1571	105	No	NA	RIGHT_ARM	JU3125
X	15710000	15720000	27	15715000	1572	105	No	NA	RIGHT_ARM	JU3125
X	15720000	15730000	32	15725000	1573	105	No	NA	RIGHT_ARM	JU3125
X	15730000	15740000	23	15735000	1574	105	No	NA	RIGHT_ARM	JU3125
X	15740000	15750000	26	15745000	1575	105	No	NA	RIGHT_ARM	JU3125
X	15750000	15760000	23	15755000	1576	105	No	NA	RIGHT_ARM	JU3125
X	15760000	15770000	29	15765000	1577	105	No	NA	RIGHT_ARM	JU3125
X	15770000	15780000	27	15775000	1578	105	No	NA	RIGHT_ARM	JU3125
X	15780000	15790000	36	15785000	1579	105	No	NA	RIGHT_ARM	JU3125
X	15790000	15800000	19	15795000	1580	105	No	NA	RIGHT_ARM	JU3125
X	15800000	15810000	29	15805000	1581	105	No	NA	RIGHT_ARM	JU3125
X	15810000	15820000	33	15815000	1582	105	No	NA	RIGHT_ARM	JU3125
X	15820000	15830000	76	15825000	1583	5	Yes	Up	RIGHT_ARM	JU3125
X	15830000	15840000	43	15835000	1584	85	Yes	Up	RIGHT_ARM	JU3125
X	15840000	15850000	9	15845000	1585	105	No	NA	RIGHT_ARM	JU3125
X	15850000	15860000	31	15855000	1586	105	No	NA	RIGHT_ARM	JU3125
X	15860000	15870000	9	15865000	1587	105	No	NA	RIGHT_ARM	JU3125
X	15870000	15880000	22	15875000	1588	105	No	NA	RIGHT_ARM	JU3125
X	15880000	15890000	28	15885000	1589	105	No	NA	RIGHT_ARM	JU3125
X	15890000	15900000	28	15895000	1590	105	No	NA	RIGHT_ARM	JU3125
X	15900000	15910000	36	15905000	1591	105	No	NA	RIGHT_ARM	JU3125
X	15910000	15920000	29	15915000	1592	105	No	NA	RIGHT_ARM	JU3125
X	15920000	15930000	38	15925000	1593	105	No	NA	RIGHT_ARM	JU3125
X	15930000	15940000	17	15935000	1594	105	No	NA	RIGHT_ARM	JU3125
X	15940000	15950000	27	15945000	1595	105	No	NA	RIGHT_ARM	JU3125
X	15950000	15960000	9	15955000	1596	105	No	NA	RIGHT_ARM	JU3125
X	15960000	15970000	30	15965000	1597	105	No	NA	RIGHT_ARM	JU3125
X	15970000	15980000	29	15975000	1598	105	No	NA	RIGHT_ARM	JU3125
X	15980000	15990000	13	15985000	1599	105	No	NA	RIGHT_ARM	JU3125
X	15990000	16000000	15	15995000	1600	105	No	NA	RIGHT_ARM	JU3125
X	16000000	16010000	12	16005000	1601	105	No	NA	RIGHT_ARM	JU3125
X	16010000	16020000	23	16015000	1602	105	No	NA	RIGHT_ARM	JU3125
X	16020000	16030000	20	16025000	1603	105	No	NA	RIGHT_ARM	JU3125
X	16030000	16040000	8	16035000	1604	105	No	NA	RIGHT_ARM	JU3125
X	16040000	16050000	14	16045000	1605	105	No	NA	RIGHT_ARM	JU3125
X	16050000	16060000	9	16055000	1606	105	No	NA	RIGHT_ARM	JU3125
X	16060000	16070000	15	16065000	1607	105	No	NA	RIGHT_ARM	JU3125
X	16070000	16080000	12	16075000	1608	105	No	NA	RIGHT_ARM	JU3125
X	16080000	16090000	7	16085000	1609	105	No	NA	RIGHT_ARM	JU3125
X	16090000	16100000	11	16095000	1610	105	No	NA	RIGHT_ARM	JU3125
X	16100000	16110000	4	16105000	1611	105	No	NA	RIGHT_ARM	JU3125
X	16110000	16120000	7	16115000	1612	105	No	NA	RIGHT_ARM	JU3125
X	16120000	16130000	11	16125000	1613	105	No	NA	RIGHT_ARM	JU3125
X	16130000	16140000	16	16135000	1614	105	No	NA	RIGHT_ARM	JU3125
X	16140000	16150000	8	16145000	1615	105	No	NA	RIGHT_ARM	JU3125
X	16150000	16160000	13	16155000	1616	105	No	NA	RIGHT_ARM	JU3125
X	16160000	16170000	13	16165000	1617	105	No	NA	RIGHT_ARM	JU3125
X	16170000	16180000	44	16175000	1618	49	Yes	Up	RIGHT_ARM	JU3125
X	16180000	16190000	23	16185000	1619	105	No	NA	RIGHT_ARM	JU3125
X	16190000	16200000	46	16195000	1620	43	Yes	Up	RIGHT_ARM	JU3125
X	16200000	16210000	21	16205000	1621	105	No	NA	RIGHT_ARM	JU3125
X	16210000	16220000	27	16215000	1622	105	No	NA	RIGHT_ARM	JU3125
X	16220000	16230000	17	16225000	1623	105	No	NA	RIGHT_ARM	JU3125
X	16230000	16240000	15	16235000	1624	105	No	NA	RIGHT_ARM	JU3125
X	16240000	16250000	17	16245000	1625	105	No	NA	RIGHT_ARM	JU3125
X	16250000	16260000	36	16255000	1626	86	Yes	Up	RIGHT_ARM	JU3125
X	16260000	16270000	21	16265000	1627	105	No	NA	RIGHT_ARM	JU3125
X	16270000	16280000	7	16275000	1628	105	No	NA	RIGHT_ARM	JU3125
X	16280000	16290000	5	16285000	1629	105	No	NA	RIGHT_ARM	JU3125
X	16290000	16300000	6	16295000	1630	105	No	NA	RIGHT_ARM	JU3125
X	16300000	16310000	3	16305000	1631	105	No	NA	RIGHT_ARM	JU3125
X	16310000	16320000	7	16315000	1632	105	No	NA	RIGHT_ARM	JU3125
X	16320000	16330000	10	16325000	1633	105	No	NA	RIGHT_ARM	JU3125
X	16330000	16340000	12	16335000	1634	105	No	NA	RIGHT_ARM	JU3125
X	16340000	16350000	16	16345000	1635	105	No	NA	RIGHT_ARM	JU3125
X	16350000	16360000	17	16355000	1636	105	No	NA	RIGHT_ARM	JU3125
X	16360000	16370000	26	16365000	1637	105	No	NA	RIGHT_ARM	JU3125
X	16370000	16380000	12	16375000	1638	105	No	NA	RIGHT_ARM	JU3125
X	16380000	16390000	8	16385000	1639	105	No	NA	RIGHT_ARM	JU3125
X	16390000	16400000	22	16395000	1640	105	No	NA	RIGHT_ARM	JU3125
X	16400000	16410000	20	16405000	1641	105	No	NA	RIGHT_ARM	JU3125
X	16410000	16420000	24	16415000	1642	105	No	NA	RIGHT_ARM	JU3125
X	16420000	16430000	21	16425000	1643	105	No	NA	Telomeric	JU3125
X	16430000	16440000	33	16435000	1644	105	No	NA	Telomeric	JU3125
X	16440000	16450000	13	16445000	1645	105	No	NA	Telomeric	JU3125
X	16450000	16460000	8	16455000	1646	105	No	NA	Telomeric	JU3125
X	16460000	16470000	5	16465000	1647	105	No	NA	Telomeric	JU3125
X	16470000	16480000	5	16475000	1648	105	No	NA	Telomeric	JU3125
X	16480000	16490000	8	16485000	1649	105	No	NA	Telomeric	JU3125
X	16490000	16500000	1	16495000	1650	105	No	NA	Telomeric	JU3125
X	16500000	16510000	21	16505000	1651	105	No	NA	Telomeric	JU3125
X	16510000	16520000	7	16515000	1652	105	No	NA	Telomeric	JU3125
X	16520000	16530000	7	16525000	1653	105	No	NA	Telomeric	JU3125
X	16530000	16540000	6	16535000	1654	105	No	NA	Telomeric	JU3125
X	16540000	16550000	5	16545000	1655	105	No	NA	Telomeric	JU3125
X	16550000	16560000	6	16555000	1656	105	No	NA	Telomeric	JU3125
X	16560000	16570000	13	16565000	1657	105	No	NA	Telomeric	JU3125
X	16570000	16580000	5	16575000	1658	105	No	NA	Telomeric	JU3125
X	16580000	16590000	10	16585000	1659	105	No	NA	Telomeric	JU3125
X	16590000	16600000	10	16595000	1660	105	No	NA	Telomeric	JU3125
X	16600000	16610000	9	16605000	1661	105	No	NA	Telomeric	JU3125
X	16610000	16620000	7	16615000	1662	105	No	NA	Telomeric	JU3125
X	16620000	16630000	5	16625000	1663	105	No	NA	Telomeric	JU3125
X	16630000	16640000	9	16635000	1664	105	No	NA	Telomeric	JU3125
X	16640000	16650000	12	16645000	1665	105	No	NA	Telomeric	JU3125
X	16650000	16660000	8	16655000	1666	105	No	NA	Telomeric	JU3125
X	16660000	16670000	7	16665000	1667	105	No	NA	Telomeric	JU3125
X	16670000	16680000	7	16675000	1668	105	No	NA	Telomeric	JU3125
X	16680000	16690000	7	16685000	1669	105	No	NA	Telomeric	JU3125
X	16690000	16700000	11	16695000	1670	105	No	NA	Telomeric	JU3125
X	16700000	16710000	4	16705000	1671	105	No	NA	Telomeric	JU3125
X	16710000	16720000	4	16715000	1672	105	No	NA	Telomeric	JU3125
X	16720000	16730000	8	16725000	1673	105	No	NA	Telomeric	JU3125
X	16730000	16740000	9	16735000	1674	105	No	NA	Telomeric	JU3125
X	16740000	16750000	6	16745000	1675	105	No	NA	Telomeric	JU3125
X	16750000	16760000	3	16755000	1676	105	No	NA	Telomeric	JU3125
X	16760000	16770000	10	16765000	1677	105	No	NA	Telomeric	JU3125
X	16770000	16780000	5	16775000	1678	105	No	NA	Telomeric	JU3125
X	16780000	16790000	5	16785000	1679	105	No	NA	Telomeric	JU3125
X	16790000	16800000	8	16795000	1680	105	No	NA	Telomeric	JU3125
X	16800000	16810000	6	16805000	1681	105	No	NA	Telomeric	JU3125
X	16810000	16820000	6	16815000	1682	105	No	NA	Telomeric	JU3125
X	16820000	16830000	10	16825000	1683	105	No	NA	Telomeric	JU3125
X	16830000	16840000	8	16835000	1684	105	No	NA	Telomeric	JU3125
X	16840000	16850000	8	16845000	1685	105	No	NA	Telomeric	JU3125
X	16850000	16860000	4	16855000	1686	105	No	NA	Telomeric	JU3125
X	16860000	16870000	6	16865000	1687	105	No	NA	Telomeric	JU3125
X	16870000	16880000	3	16875000	1688	105	No	NA	Telomeric	JU3125
X	16880000	16890000	16	16885000	1689	105	No	NA	Telomeric	JU3125
X	16890000	16900000	20	16895000	1690	105	No	NA	Telomeric	JU3125
X	16900000	16910000	6	16905000	1691	105	No	NA	Telomeric	JU3125
X	16910000	16920000	12	16915000	1692	105	No	NA	Telomeric	JU3125
X	16920000	16930000	8	16925000	1693	105	No	NA	Telomeric	JU3125
X	16930000	16940000	27	16935000	1694	105	No	NA	Telomeric	JU3125
X	16940000	16950000	6	16945000	1695	105	No	NA	Telomeric	JU3125
X	16950000	16960000	5	16955000	1696	105	No	NA	Telomeric	JU3125
X	16960000	16970000	8	16965000	1697	105	No	NA	Telomeric	JU3125
X	16970000	16980000	6	16975000	1698	105	No	NA	Telomeric	JU3125
X	16980000	16990000	15	16985000	1699	105	No	NA	Telomeric	JU3125
X	16990000	17000000	8	16995000	1700	105	No	NA	Telomeric	JU3125
X	17000000	17010000	6	17005000	1701	105	No	NA	Telomeric	JU3125
X	17010000	17020000	5	17015000	1702	105	No	NA	Telomeric	JU3125
X	17020000	17030000	5	17025000	1703	105	No	NA	Telomeric	JU3125
X	17030000	17040000	5	17035000	1704	105	No	NA	Telomeric	JU3125
X	17040000	17050000	2	17045000	1705	105	No	NA	Telomeric	JU3125
X	17050000	17060000	12	17055000	1706	105	No	NA	Telomeric	JU3125
X	17060000	17070000	8	17065000	1707	105	No	NA	Telomeric	JU3125
X	17070000	17080000	11	17075000	1708	105	No	NA	Telomeric	JU3125
X	17080000	17090000	9	17085000	1709	105	No	NA	Telomeric	JU3125
X	17090000	17100000	9	17095000	1710	105	No	NA	Telomeric	JU3125
X	17100000	17110000	7	17105000	1711	105	No	NA	Telomeric	JU3125
X	17110000	17120000	7	17115000	1712	105	No	NA	Telomeric	JU3125
X	17120000	17130000	15	17125000	1713	105	No	NA	Telomeric	JU3125
X	17130000	17140000	9	17135000	1714	105	No	NA	Telomeric	JU3125
X	17140000	17150000	10	17145000	1715	105	No	NA	Telomeric	JU3125
X	17150000	17160000	6	17155000	1716	105	No	NA	Telomeric	JU3125
X	17160000	17170000	16	17165000	1717	105	No	NA	Telomeric	JU3125
X	17170000	17180000	7	17175000	1718	105	No	NA	Telomeric	JU3125
X	17180000	17190000	16	17185000	1719	105	No	NA	Telomeric	JU3125
X	17190000	17200000	8	17195000	1720	105	No	NA	Telomeric	JU3125
X	17200000	17210000	12	17205000	1721	105	No	NA	Telomeric	JU3125
X	17210000	17220000	12	17215000	1722	105	No	NA	Telomeric	JU3125
X	17220000	17230000	7	17225000	1723	105	No	NA	Telomeric	JU3125
X	17230000	17240000	10	17235000	1724	105	No	NA	Telomeric	JU3125
X	17240000	17250000	9	17245000	1725	105	No	NA	Telomeric	JU3125
X	17250000	17260000	10	17255000	1726	105	No	NA	Telomeric	JU3125
X	17260000	17270000	8	17265000	1727	105	No	NA	Telomeric	JU3125
X	17270000	17280000	13	17275000	1728	105	No	NA	Telomeric	JU3125
X	17280000	17290000	14	17285000	1729	105	No	NA	Telomeric	JU3125
X	17290000	17300000	14	17295000	1730	105	No	NA	Telomeric	JU3125
X	17300000	17310000	15	17305000	1731	105	No	NA	Telomeric	JU3125
X	17310000	17320000	12	17315000	1732	105	No	NA	Telomeric	JU3125
X	17320000	17330000	6	17325000	1733	105	No	NA	Telomeric	JU3125
X	17330000	17340000	8	17335000	1734	105	No	NA	Telomeric	JU3125
X	17340000	17350000	10	17345000	1735	105	No	NA	Telomeric	JU3125
X	17350000	17360000	8	17355000	1736	105	No	NA	Telomeric	JU3125
X	17360000	17370000	10	17365000	1737	105	No	NA	Telomeric	JU3125
X	17370000	17380000	9	17375000	1738	105	No	NA	Telomeric	JU3125
X	17380000	17390000	8	17385000	1739	105	No	NA	Telomeric	JU3125
X	17390000	17400000	10	17395000	1740	105	No	NA	Telomeric	JU3125
X	17400000	17410000	8	17405000	1741	105	No	NA	Telomeric	JU3125
X	17410000	17420000	11	17415000	1742	105	No	NA	Telomeric	JU3125
X	17420000	17430000	7	17425000	1743	105	No	NA	Telomeric	JU3125
X	17430000	17440000	8	17435000	1744	105	No	NA	Telomeric	JU3125
X	17440000	17450000	22	17445000	1745	105	No	NA	Telomeric	JU3125
X	17450000	17460000	10	17455000	1746	105	No	NA	Telomeric	JU3125
X	17460000	17470000	6	17465000	1747	105	No	NA	Telomeric	JU3125
X	17470000	17480000	10	17475000	1748	105	No	NA	Telomeric	JU3125
X	17480000	17490000	17	17485000	1749	105	No	NA	Telomeric	JU3125
X	17490000	17500000	10	17495000	1750	105	No	NA	Telomeric	JU3125
X	17500000	17510000	6	17505000	1751	105	No	NA	Telomeric	JU3125
X	17510000	17520000	4	17515000	1752	105	No	NA	Telomeric	JU3125
X	17520000	17530000	10	17525000	1753	105	No	NA	Telomeric	JU3125
X	17530000	17540000	9	17535000	1754	105	No	NA	Telomeric	JU3125
X	17540000	17550000	7	17545000	1755	105	No	NA	Telomeric	JU3125
X	17550000	17560000	7	17555000	1756	105	No	NA	Telomeric	JU3125
X	17560000	17570000	3	17565000	1757	105	No	NA	Telomeric	JU3125
X	17570000	17580000	13	17575000	1758	105	No	NA	Telomeric	JU3125
X	17580000	17590000	9	17585000	1759	105	No	NA	Telomeric	JU3125
X	17590000	17600000	12	17595000	1760	105	No	NA	Telomeric	JU3125
X	17600000	17610000	6	17605000	1761	105	No	NA	Telomeric	JU3125
X	17610000	17620000	4	17615000	1762	105	No	NA	Telomeric	JU3125
X	17620000	17630000	15	17625000	1763	105	No	NA	Telomeric	JU3125
X	17630000	17640000	13	17635000	1764	105	No	NA	Telomeric	JU3125
X	17640000	17650000	5	17645000	1765	105	No	NA	Telomeric	JU3125
X	17650000	17660000	11	17655000	1766	105	No	NA	Telomeric	JU3125
X	17660000	17670000	8	17665000	1767	105	No	NA	Telomeric	JU3125
X	17670000	17680000	6	17675000	1768	105	No	NA	Telomeric	JU3125
X	17680000	17690000	10	17685000	1769	105	No	NA	Telomeric	JU3125
X	17690000	17700000	7	17695000	1770	105	No	NA	Telomeric	JU3125
X	17700000	17710000	12	17705000	1771	105	No	NA	Telomeric	JU3125
X	17710000	17718942	17	17714471	1772	105	No	NA	Telomeric	JU3125
